3871	1612	5
0.7599292993545532	0.9943621754646301	-1.209331750869751	0.5934749841690063	0.5742400288581848	0	0	0	0	0	0	0.0	0.0	-1.0	1.4943262613087427e-05	-1.0	0.0	-1.0	-1.4943262613087427e-05	0.0
1.3465336561203003	0.9679962396621704	-1.209331750869751	0.595669686794281	0.5245258808135986	0	0	0	0	0	0	0.0	0.0	-1.0	1.4943263522582129e-05	-1.0	0.0	-1.0	-1.4943263522582129e-05	0.0
0.8305354118347168	0.9679962396621704	-1.209331750869751	0.5956697463989258	0.5682562589645386	0	0	0	0	0	0	0.0	0.0	-1.0	1.4943263522582129e-05	-1.0	0.0	-1.0	-1.4943263522582129e-05	0.0
1.4171397686004639	0.7538098692893982	4.494173526763916	0.44553861021995544	0.029701627790927887	0	0	0	0	0	0	1.0	0.0	0.0	0.0	-1.0	-5.845087798661552e-06	0.0	5.845087798661552e-06	-1.0
1.4171397686004639	0.9943621754646301	4.754637718200684	0.42540088295936584	0.0076276566833257675	0	0	0	0	0	0	1.0	0.0	0.0	0.0	-1.0	-5.845088253408903e-06	0.0	5.845088253408903e-06	-1.0
1.4171397686004639	0.748944878578186	4.754637718200684	0.4459458887577057	0.00762753514572978	0	0	0	0	0	0	1.0	0.0	0.0	0.0	-1.0	-5.845087798661552e-06	0.0	5.845087798661552e-06	-1.0
1.4171397686004639	0.20346224308013916	4.494173526763916	0.7268838882446289	0.655006468296051	0	0	0	0	0	0	0.0	-1.0	0.0	0.0	0.0	1.0	-1.0	0.0	0.0
0.7599292993545532	0.20346224308013916	4.754637718200684	0.7486851215362549	0.7107044458389282	0	0	0	0	0	0	0.0	-1.0	0.0	0.0	0.0	1.0	-1.0	0.0	0.0
0.7599292993545532	0.20346224308013916	4.494173526763916	0.7268838286399841	0.7107044458389282	0	0	0	0	0	0	0.0	-1.0	0.0	0.0	0.0	1.0	-1.0	0.0	0.0
0.0	0.9943621754646301	4.494173526763916	0.2595139741897583	0.1277286857366562	0	0	0	0	0	0	0.0	1.0	0.0	0.0	0.0	-1.0	-1.0	0.0	0.0
0.7599292993545532	0.9943621754646301	4.754637718200684	0.23771366477012634	0.06332539767026901	0	0	0	0	0	0	0.0	1.0	0.0	0.0	0.0	-1.0	-1.0	0.0	0.0
0.7599292993545532	0.9943621754646301	4.494173526763916	0.2595140039920807	0.06332539767026901	0	0	0	0	0	0	0.0	1.0	0.0	0.0	0.0	-1.0	-1.0	0.0	0.0
0.7599292993545532	0.9943621754646301	4.754637718200684	0.7486851215362549	0.3187827467918396	0	0	0	0	0	0	0.0	0.0	1.0	2.0294814930821303e-06	1.0	0.0	-1.0	2.0294814930821303e-06	0.0
0.0	0.748944878578186	4.754637718200684	0.7281399965286255	0.383186012506485	0	0	0	0	0	0	0.0	0.0	1.0	0.0	1.0	0.0	-1.0	0.0	0.0
0.7599292993545532	0.748944878578186	4.754637718200684	0.7281399965286255	0.3187827467918396	0	0	0	0	0	0	0.0	0.0	1.0	0.0	1.0	0.0	-1.0	0.0	0.0
0.0	0.9943621754646301	-0.3595532774925232	0.6262460350990295	0.127728670835495	0	0	0	0	0	0	0.0	1.0	0.0	3.4002930249243946e-08	0.0	-1.0	-1.0	0.0	-3.4002930249243946e-08
0.7599292993545532	0.9943621754646301	0.03198564052581787	0.5934749841690063	0.06332538276910782	0	0	0	0	0	0	0.0	1.0	0.0	0.0	0.0	-1.0	-1.0	0.0	0.0
0.7599292993545532	0.9943621754646301	-0.3595532774925232	0.6262460350990295	0.06332538276910782	0	0	0	0	0	0	0.0	1.0	0.0	1.2331801713116874e-07	0.0	-1.0	-1.0	0.0	-1.2331801713116874e-07
1.4171397686004639	0.9943621754646301	0.7070737481117249	0.0	0.0	0	0	0	0	0	0	0.0	0.0	0.0	1.0	0.0	0.0	0.0	0.0	0.0
1.4171397686004639	1.060259461402893	0.03198564052581787	0.0	0.0	0	0	0	0	0	0	0.0	0.0	0.0	1.0	0.0	0.0	0.0	0.0	0.0
0.7599292993545532	0.20346224308013916	1.8538843393325806	0.12665466964244843	0.19213196635246277	0	0	0	0	0	0	0.0	-1.0	0.0	0.0	0.0	-1.0	1.0	0.0	0.0
1.4171397686004639	0.20346224308013916	3.2770354747772217	0.007534477394074202	0.24782994389533997	0	0	0	0	0	0	0.0	-1.0	0.0	0.0	0.0	-1.0	1.0	0.0	0.0
0.7599292993545532	0.20346224308013916	3.2770354747772217	0.007534477394074202	0.19213196635246277	0	0	0	0	0	0	0.0	-1.0	0.0	0.0	0.0	-1.0	1.0	0.0	0.0
1.4171397686004639	1.060259461402893	-0.3595532774925232	0.41988447308540344	0.4410504400730133	0	0	0	0	0	0	1.0	0.0	0.0	0.0	-1.0	-2.48611172537494e-06	0.0	2.4861114980012644e-06	-1.0
1.4171397686004639	0.9210217595100403	0.03198564052581787	0.43154066801071167	0.4078678488731384	0	0	0	0	0	0	1.0	0.0	0.0	0.0	-1.0	-2.3487580165237887e-06	0.0	2.3487580165237887e-06	-1.0
1.4171397686004639	0.9210217595100403	-0.3595532774925232	0.43154069781303406	0.4410504102706909	0	0	0	0	0	0	1.0	0.0	0.0	0.0	-1.0	-2.1799082787765656e-06	0.0	2.1799082787765656e-06	-1.0
1.4171397686004639	0.9943621754646301	1.0034302473068237	0.425400972366333	0.32553887367248535	0	0	0	0	0	0	1.0	0.0	0.0	0.0	-1.0	-2.8348949854262173e-06	0.0	2.8348949854262173e-06	-1.0
1.4171397686004639	0.748944878578186	3.2770354747772217	0.4459459185600281	0.1328529417514801	0	0	0	0	0	0	1.0	0.0	0.0	0.0	-1.0	-1.4873363625156344e-06	0.0	1.4873363625156344e-06	-1.0
1.4171397686004639	0.748944878578186	1.0034302473068237	0.44594597816467285	0.3255388140678406	0	0	0	0	0	0	1.0	0.0	0.0	0.0	-1.0	-2.390168901911238e-06	0.0	2.390168901911238e-06	-1.0
1.2628239393234253	1.8384840488433838	0.4436735212802887	0.7482988834381104	0.5487037301063538	0	0	0	0	0	0	0.9772841334342957	0.20976930856704712	-0.030210301280021667	-0.2073318064212799	0.9758445024490356	0.06885552406311035	0.043924327939748764	-0.06102784350514412	0.9971690773963928
1.4171397686004639	1.0752524137496948	0.1360912322998047	0.682675302028656	0.5272536873817444	0	0	0	0	0	0	0.9772841334342957	0.20976930856704712	-0.030210301280021667	-0.2073318064212799	0.9758445620536804	0.06885552406311035	0.043924327939748764	-0.06102784723043442	0.9971691370010376
1.4171397686004639	1.060259461402893	0.03198564052581787	0.6808099746704102	0.5185421109199524	0	0	0	0	0	0	0.9772841334342957	0.20976930856704712	-0.030210301280021667	-0.2073318213224411	0.9758445620536804	0.06885552406311035	0.043924327939748764	-0.06102784723043442	0.9971691370010376
0.7599292993545532	0.9943621754646301	0.03198564052581787	0.0	0.0	0	0	0	0	0	0	0.0	0.0	0.0	1.0	0.0	0.0	0.0	0.0	0.0
0.0	0.9943621754646301	0.03198564052581787	0.0	0.0	0	0	0	0	0	0	0.0	0.0	0.0	1.0	0.0	0.0	0.0	0.0	0.0
1.4171397686004639	0.9943621754646301	3.2770354747772217	0.36138612031936646	0.007627434097230434	0	0	0	0	0	0	0.0	1.0	0.0	0.0	0.0	-1.0	-1.0	0.0	0.0
0.7599292993545532	0.9943621754646301	2.75815486907959	0.4048154652118683	0.06332540512084961	0	0	0	0	0	0	0.0	1.0	0.0	0.0	0.0	-1.0	-1.0	0.0	0.0
0.7599292993545532	0.9943621754646301	3.2770354747772217	0.36138612031936646	0.06332540512084961	0	0	0	0	0	0	0.0	1.0	0.0	0.0	0.0	-1.0	-1.0	0.0	0.0
0.0	1.8182426691055298	0.6689111590385437	0.26278141140937805	0.3701079189777374	0	0	0	0	0	0	0.0	1.0	0.0	-2.082414169990443e-07	0.0	-1.0	-1.0	0.0	2.082414169990443e-07
0.7599292993545532	1.8182426691055298	2.0623412132263184	0.14615391194820404	0.30570468306541443	0	0	0	0	0	0	0.0	1.0	0.0	-4.234685206938593e-07	0.0	-1.0	-1.0	0.0	4.234685206938593e-07
0.7599292993545532	1.8182426691055298	0.6689111590385437	0.26278141140937805	0.30570465326309204	0	0	0	0	0	0	0.0	1.0	0.0	-9.568963150741183e-07	0.0	-1.0	-1.0	0.0	9.568963150741183e-07
0.7599292993545532	0.9943621754646301	2.75815486907959	0.2150808423757553	0.67689049243927	0	0	0	0	0	0	0.0	0.6452308297157288	0.7639877200126648	-5.462434273795225e-07	-0.7639877200126648	0.6452308297157288	1.0	-4.1732326394594565e-07	3.5245309959464066e-07
1.2455037832260132	1.0941460132598877	2.673881769180298	0.20675776898860931	0.7180424332618713	0	0	0	0	0	0	0.0	0.6452308297157288	0.7639877200126648	-5.462434273795225e-07	-0.7639877200126648	0.6452308297157288	1.0	-4.1732326394594565e-07	3.5245309959464066e-07
0.6678909659385681	1.0941460132598877	2.673881769180298	0.20675775408744812	0.6690903306007385	0	0	0	0	0	0	0.0	0.6452308297157288	0.7639877200126648	-5.462433705361036e-07	-0.7639877200126648	0.6452308297157288	1.0	-4.173232355242362e-07	3.5245307117293123e-07
1.4171397686004639	1.060259461402893	0.03198564052581787	0.6619204878807068	0.2630847692489624	0	0	0	0	0	0	-0.017426464706659317	0.4648365378379822	-0.8852249979972839	-1.2768728652190475e-07	-0.8853594660758972	-0.46490713953971863	-0.9998481273651123	-0.008101575076580048	0.015428745187819004
1.1993458271026611	1.7869012355804443	0.4178367257118225	0.5979987978935242	0.2815425992012024	0	0	0	0	0	0	-0.017426464706659317	0.4648365378379822	-0.8852249979972839	-1.2768728652190475e-07	-0.8853594660758972	-0.46490713953971863	-0.9998481273651123	-0.008101575076580048	0.015428745187819004
1.2628239393234253	1.8384840488433838	0.4436735212802887	0.5934749841690063	0.27616289258003235	0	0	0	0	0	0	-0.017426464706659317	0.4648365378379822	-0.8852249979972839	-1.282066079966171e-07	-0.8853594660758972	-0.46490713953971863	-0.9998481273651123	-0.008101574145257473	0.015428745187819004
1.4171397686004639	0.5768707394599915	1.0034302473068237	0.4603510797023773	0.3255387842655182	0	0	0	0	0	0	1.0	0.0	0.0	0.0	-1.0	-1.9805572719633346e-06	0.0	1.9805572719633346e-06	-1.0
1.4171397686004639	0.20346224308013916	3.2770354747772217	0.49161073565483093	0.13285283744335175	0	0	0	0	0	0	1.0	0.0	0.0	0.0	-1.0	-2.422873876639642e-06	0.0	2.422873876639642e-06	-1.0
1.4171397686004639	0.20346224308013916	1.0034302473068237	0.4916107952594757	0.3255387246608734	0	0	0	0	0	0	1.0	0.0	0.0	0.0	-1.0	-1.8841839164451812e-06	0.0	1.8841839164451812e-06	-1.0
0.7599292993545532	0.5768707394599915	4.754637718200684	0.7137347459793091	0.3187827467918396	0	0	0	0	0	0	0.0	0.0	1.0	-2.7024105975215207e-07	1.0	0.0	-1.0	-2.7024103133044264e-07	0.0
0.0	0.20346224308013916	4.754637718200684	0.6824747920036316	0.3831860423088074	0	0	0	0	0	0	0.0	0.0	1.0	-6.635580689362541e-07	1.0	0.0	-1.0	-6.635580689362541e-07	0.0
0.7599292993545532	0.20346224308013916	4.754637718200684	0.6824747920036316	0.3187827467918396	0	0	0	0	0	0	0.0	0.0	1.0	0.0	1.0	0.0	-1.0	0.0	0.0
1.4171397686004639	0.20346224308013916	4.494173526763916	0.49161067605018616	0.02970154769718647	0	0	0	0	0	0	1.0	0.0	0.0	0.0	-1.0	-2.542229822211084e-06	0.0	2.5422295948374085e-06	-1.0
1.4171397686004639	0.5768707394599915	4.754637718200684	0.46035099029541016	0.007627495098859072	0	0	0	0	0	0	1.0	0.0	0.0	0.0	-1.0	-2.542229822211084e-06	0.0	2.542229822211084e-06	-1.0
1.4171397686004639	0.20346224308013916	4.754637718200684	0.49161067605018616	0.00762741407379508	0	0	0	0	0	0	1.0	0.0	0.0	0.0	-1.0	-2.5422295948374085e-06	0.0	2.5422295948374085e-06	-1.0
0.7599292993545532	0.5768707394599915	-1.209331750869751	0.6282274723052979	0.5742400288581848	0	0	0	0	0	0	0.0	0.0	-1.0	0.0	-1.0	0.0	-1.0	0.0	0.0
1.4171397686004639	0.20346224308013916	-1.209331750869751	0.6593104600906372	0.5185420513153076	0	0	0	0	0	0	0.0	0.0	-1.0	0.0	-1.0	0.0	-1.0	0.0	0.0
0.7599292993545532	0.20346224308013916	-1.209331750869751	0.6593104600906372	0.5742400288581848	0	0	0	0	0	0	0.0	0.0	-1.0	0.0	-1.0	0.0	-1.0	0.0	0.0
0.0	0.9943621754646301	4.112699031829834	0.2914426624774933	0.1277286857366562	0	0	0	0	0	0	0.0	1.0	0.0	0.0	0.0	-1.0	-1.0	0.0	0.0
0.7599292993545532	0.9943621754646301	4.112699031829834	0.2914426922798157	0.06332539767026901	0	0	0	0	0	0	0.0	1.0	0.0	3.9200504176051254e-08	0.0	-1.0	-1.0	0.0	-3.9200504176051254e-08
1.4171397686004639	0.9210217595100403	4.112699031829834	0.4315405488014221	0.06203126907348633	0	0	0	0	0	0	1.0	0.0	0.0	0.0	-1.0	-1.9335518572916044e-06	0.0	1.9335518572916044e-06	-1.0
1.4171397686004639	0.9943621754646301	4.494173526763916	0.42540088295936584	0.029701707884669304	0	0	0	0	0	0	1.0	0.0	0.0	0.0	-1.0	-3.938613190257456e-06	0.0	3.938613190257456e-06	-1.0
1.4171397686004639	0.7538098692893982	4.494173526763916	0.44553861021995544	0.029701627790927887	0	0	0	0	0	0	1.0	0.0	0.0	0.0	-1.0	-2.0055372260685544e-06	0.0	2.0055372260685544e-06	-1.0
1.4171397686004639	0.5768707394599915	-1.209331750869751	0.4603511393070221	0.5130682587623596	0	0	0	0	0	0	1.0	0.0	0.0	0.0	-1.0	-2.9871798687963746e-06	0.0	2.9871798687963746e-06	-1.0
1.4171397686004639	0.20346224308013916	-0.7510921955108643	0.4916108548641205	0.47423282265663147	0	0	0	0	0	0	1.0	0.0	0.0	0.0	-1.0	-1.8995286836798186e-06	0.0	1.8995286836798186e-06	-1.0
1.4171397686004639	0.20346224308013916	-1.209331750869751	0.4916108548641205	0.5130681991577148	0	0	0	0	0	0	1.0	0.0	0.0	0.0	-1.0	-1.8834796264854958e-06	0.0	1.8834796264854958e-06	-1.0
1.4171397686004639	0.9943621754646301	-1.209331750869751	0.42540106177330017	0.5130683183670044	0	0	0	0	0	0	1.0	0.0	0.0	0.0	-1.0	0.0	0.0	0.0	-1.0
1.4171397686004639	0.7518317699432373	-0.7510921955108643	0.4457043707370758	0.474232941865921	0	0	0	0	0	0	1.0	0.0	0.0	0.0	-1.0	0.0	0.0	0.0	-1.0
1.4171397686004639	0.748944878578186	-1.209331750869751	0.4459460377693176	0.5130683183670044	0	0	0	0	0	0	1.0	0.0	0.0	0.0	-1.0	0.0	0.0	0.0	-1.0
1.4171397686004639	0.20346224308013916	-1.209331750869751	0.7507952451705933	0.24782994389533997	0	0	0	0	0	0	0.0	-1.0	0.0	-2.349693488667981e-07	0.0	-1.0	1.0	0.0	-2.349693488667981e-07
0.7599292993545532	0.20346224308013916	-0.7510921955108643	0.7124398350715637	0.19213195145130157	0	0	0	0	0	0	0.0	-1.0	0.0	-7.436570825802846e-08	0.0	-1.0	1.0	0.0	-7.436570825802846e-08
0.7599292993545532	0.20346224308013916	-1.209331750869751	0.7507952451705933	0.19213195145130157	0	0	0	0	0	0	0.0	-1.0	0.0	0.0	0.0	-1.0	1.0	0.0	0.0
0.0	0.9943621754646301	-1.209331750869751	0.6973708868026733	0.1277286857366562	0	0	0	0	0	0	0.0	1.0	0.0	-2.524581645957369e-07	0.0	-1.0	-1.0	0.0	2.524581645957369e-07
0.7599292993545532	0.9943621754646301	-0.7510921955108643	0.6590171456336975	0.06332539021968842	0	0	0	0	0	0	0.0	1.0	0.0	-2.524581645957369e-07	0.0	-1.0	-1.0	0.0	2.524581645957369e-07
0.7599292993545532	0.9943621754646301	-1.209331750869751	0.6973708868026733	0.06332538276910782	0	0	0	0	0	0	0.0	1.0	0.0	-2.524581645957369e-07	0.0	-1.0	-1.0	0.0	2.524581645957369e-07
0.0	1.718458890914917	2.1466143131256104	0.2705667018890381	0.8209773302078247	0	0	0	0	0	0	0.0	-0.7639880180358887	0.6452304720878601	0.0	-0.6452304720878601	-0.7639880776405334	1.0	0.0	0.0
0.6678909659385681	1.5947654247283936	2.000154495239258	0.2826346457004547	0.877580463886261	0	0	0	0	0	0	0.0	-0.7639880180358887	0.6452304720878601	0.0	-0.6452304720878601	-0.7639880776405334	1.0	0.0	0.0
0.6678909659385681	1.718458890914917	2.1466143131256104	0.2705667018890381	0.877580463886261	0	0	0	0	0	0	0.0	-0.7639880180358887	0.6452304720878601	0.0	-0.6452304720878601	-0.7639880180358887	1.0	0.0	0.0
1.4171397686004639	0.9943621754646301	2.75815486907959	0.2150808423757553	0.7325884103775024	0	0	0	0	0	0	-0.013258058577775955	0.6317656636238098	0.775046169757843	2.7413690872890584e-07	-0.7751141786575317	0.6318211555480957	0.9999120831489563	0.008376932702958584	0.01027633436024189
1.1621545553207397	1.7283196449279785	2.15552020072937	0.15385431051254272	0.7109786868095398	0	0	0	0	0	0	-0.013258058577775955	0.6317656636238098	0.775046169757843	2.7374179012440436e-07	-0.7751141786575317	0.6318211555480957	0.9999120831489563	0.008376932702958584	0.01027633436024189
1.2455037832260132	1.0941460132598877	2.673881769180298	0.20675776898860931	0.7180424332618713	0	0	0	0	0	0	-0.013258058577775955	0.6317656636238098	0.775046169757843	2.7413690872890584e-07	-0.7751141786575317	0.6318211555480957	0.9999120831489563	0.008376932702958584	0.01027633436024189
0.0	1.8182426691055298	2.0623412132263184	0.1463599056005478	0.6124871969223022	0	0	0	0	0	0	0.0	0.6452310681343079	0.7639875411987305	0.0	-0.7639874815940857	0.6452310681343079	1.0	0.0	0.0
0.6678909659385681	1.718458890914917	2.1466143131256104	0.15468299388885498	0.6690903306007385	0	0	0	0	0	0	0.0	0.6452310681343079	0.7639875411987305	0.0	-0.7639874219894409	0.6452310681343079	1.0	0.0	0.0
0.7599292993545532	1.8182426691055298	2.0623412132263184	0.1463599056005478	0.67689049243927	0	0	0	0	0	0	0.0	0.6452310681343079	0.7639875411987305	0.0	-0.7639874815940857	0.6452310681343079	1.0	0.0	0.0
0.6678909659385681	0.9704524874687195	2.5274219512939453	0.2826346457004547	0.6545443534851074	0	0	0	0	0	0	-0.012104587629437447	0.6451835036277771	0.7639318704605103	0.0	-0.7639877796173096	0.645230770111084	0.9999268054962158	0.0078102522529661655	0.00924775656312704
1.2062196731567383	1.5996460914611816	2.0045623779296875	0.2301497459411621	0.700167179107666	0	0	0	0	0	0	-0.012104587629437447	0.6451835036277771	0.7639318704605103	0.0	-0.7639877796173096	0.645230770111084	0.9999268054962158	0.0078102522529661655	0.00924775656312704
0.6678909659385681	1.5947654247283936	2.000154495239258	0.23055990040302277	0.6545443534851074	0	0	0	0	0	0	-0.012104587629437447	0.6451835036277771	0.7639318704605103	0.0	-0.7639877796173096	0.645230770111084	0.9999268054962158	0.0078102522529661655	0.00924775656312704
1.2455037832260132	1.0941460132598877	2.673881769180298	0.9480838179588318	0.7299325466156006	0	0	0	0	0	0	-0.9988490343093872	-0.03664522245526314	0.030948948115110397	-0.00037233761395327747	-0.639287531375885	-0.7689677476882935	0.047964271157979965	-0.7680941820144653	0.6385380625724792
1.2062196731567383	1.5996460914611816	2.0045623779296875	0.9641319513320923	0.6607414484024048	0	0	0	0	0	0	-0.9988490343093872	-0.03664522245526314	0.030948948115110397	-0.0003723395348060876	-0.639287531375885	-0.7689678072929382	0.047964274883270264	-0.7680942416191101	0.6385380625724792
1.2455037832260132	0.9704524874687195	2.5274219512939453	0.9641319513320923	0.730058491230011	0	0	0	0	0	0	-0.9988490343093872	-0.03664522245526314	0.030948948115110397	-0.0003723395348060876	-0.639287531375885	-0.7689678072929382	0.047964274883270264	-0.7680942416191101	0.6385380625724792
1.2455037832260132	1.0941460132598877	2.673881769180298	0.4031625986099243	0.7451872229576111	0	0	0	0	0	0	0.0	0.7639878988265991	-0.6452305912971497	0.0	0.6452305912971497	0.7639879584312439	1.0	0.0	0.0
0.6678909659385681	0.9704524874687195	2.5274219512939453	0.3911181092262268	0.6962351202964783	0	0	0	0	0	0	0.0	0.7639878988265991	-0.6452305912971497	0.0	0.6452305912971497	0.7639878988265991	1.0	0.0	0.0
0.6678909659385681	1.0941460132598877	2.673881769180298	0.4031625986099243	0.6962351202964783	0	0	0	0	0	0	0.0	0.7639878988265991	-0.6452305912971497	0.0	0.6452305912971497	0.7639878988265991	1.0	0.0	0.0
1.3332853317260742	1.0753357410430908	0.05526414513587952	0.9566838145256042	0.6016958355903625	0	0	0	0	0	0	-0.9447466135025024	-0.27145951986312866	0.18374893069267273	-0.29093775153160095	0.43612152338027954	-0.8515593409538269	0.15102700889110565	-0.85796719789505	-0.49100208282470703
1.2629412412643433	1.6880526542663574	0.5987801551818848	0.9394426345825195	0.5345423221588135	0	0	0	0	0	0	-0.9447466135025024	-0.27145951986312866	0.18374893069267273	-0.29093772172927856	0.43612149357795715	-0.8515592813491821	0.15102702379226685	-0.8579672574996948	-0.4910021126270294
1.1993458271026611	1.7869012355804443	0.4178367257118225	0.9566838145256042	0.5340766310691833	0	0	0	0	0	0	-0.9447466135025024	-0.27145951986312866	0.18374893069267273	-0.29093772172927856	0.43612149357795715	-0.8515592813491821	0.15102702379226685	-0.8579672574996948	-0.4910021126270294
0.7599292993545532	1.8182426691055298	0.42539238929748535	0.5953226685523987	0.3187827467918396	0	0	0	0	0	0	0.014357110485434532	0.4200412631034851	-0.9073914289474487	-4.750479547510622e-06	-0.9074850082397461	-0.420084685087204	-0.9998970031738281	0.006035512778908014	-0.013026867061853409
1.1993458271026611	1.7869012355804443	0.4178367257118225	0.5979987978935242	0.2815425992012024	0	0	0	0	0	0	0.014357110485434532	0.4200412631034851	-0.9073914289474487	-4.750907464767806e-06	-0.9074850082397461	-0.420084685087204	-0.9998970031738281	0.006035513244569302	-0.013026867061853409
0.7149630784988403	1.7694923877716064	0.4021138846874237	0.5995879173278809	0.3225935697555542	0	0	0	0	0	0	0.014357110485434532	0.4200412631034851	-0.9073914289474487	-4.750907010020455e-06	-0.9074849486351013	-0.4200846254825592	-0.9998969435691833	0.006035512313246727	-0.013026866130530834
0.0	0.9943621754646301	0.03198564052581787	0.667405903339386	0.383186012506485	0	0	0	0	0	0	0.0	0.43089988827705383	-0.9023997187614441	-1.0707136652854388e-06	-0.9023997783660889	-0.4308999478816986	-1.0	9.662117008701898e-07	4.613704049916123e-07
0.7149630784988403	1.0431125164031982	0.05526414513587952	0.6631406545639038	0.3225935697555542	0	0	0	0	0	0	0.0	0.43089988827705383	-0.9023997187614441	-1.0707136652854388e-06	-0.9023997783660889	-0.4308999180793762	-1.0	9.662117008701898e-07	4.613704049916123e-07
0.7599292993545532	0.9943621754646301	0.03198564052581787	0.667405903339386	0.3187827169895172	0	0	0	0	0	0	0.0	0.43089988827705383	-0.9023997187614441	-1.0707137789722765e-06	-0.9023997783660889	-0.4308999180793762	-1.0	9.662118145570275e-07	4.6137046183503116e-07
0.0	0.9529606103897095	0.24406200647354126	0.4198843240737915	0.6413178443908691	0	0	0	0	0	0	0.0	0.4308999478816986	-0.9023997187614441	0.0	0.9023997187614441	0.4308999478816986	1.0	0.0	0.0
0.7149630784988403	1.6793406009674072	0.5909117460250854	0.48343703150749207	0.7019102573394775	0	0	0	0	0	0	0.0	0.4308999478816986	-0.9023997187614441	0.0	0.9023996591567993	0.4308999180793762	1.0	0.0	0.0
0.7149630784988403	0.9529606103897095	0.24406200647354126	0.4198843240737915	0.7019102573394775	0	0	0	0	0	0	0.0	0.4308999478816986	-0.9023997187614441	0.0	0.9023997187614441	0.4308999478816986	1.0	0.0	0.0
0.0	1.0431125164031982	0.05526414513587952	0.8717962503433228	0.12062209099531174	0	0	0	0	0	0	0.0	0.9023995399475098	0.4309002459049225	0.0	-0.4309002459049225	0.9023995399475098	1.0	0.0	0.0
0.7149630784988403	0.9529606103897095	0.24406200647354126	0.8877542018890381	0.18121454119682312	0	0	0	0	0	0	0.0	0.9023995399475098	0.4309002459049225	0.0	-0.4309002757072449	0.9023995995521545	1.0	0.0	0.0
0.7149630784988403	1.0431125164031982	0.05526414513587952	0.8717962503433228	0.18121454119682312	0	0	0	0	0	0	0.0	0.9023995399475098	0.4309002459049225	0.0	-0.4309002459049225	0.9023995399475098	1.0	0.0	0.0
1.1993458271026611	1.7869012355804443	0.4178367257118225	0.8875852823257446	0.26847442984580994	0	0	0	0	0	0	0.04636937752366066	-0.9014291763305664	-0.43043631315231323	2.381917232896491e-11	-0.43089979887008667	0.9023998379707336	-0.9989243745803833	-0.0418437123298645	-0.019980553537607193
0.7149630784988403	1.6793406009674072	0.5909117460250854	0.9022380709648132	0.30952540040016174	0	0	0	0	0	0	0.04636937752366066	-0.9014291763305664	-0.43043631315231323	2.382005703793766e-11	-0.4308997690677643	0.9023997783660889	-0.9989243745803833	-0.0418437160551548	-0.019980553537607193
0.7149630784988403	1.7694923877716064	0.4021138846874237	0.8862961530685425	0.30952540040016174	0	0	0	0	0	0	0.04636937752366066	-0.9014291763305664	-0.43043631315231323	2.381916885951796e-11	-0.4308997690677643	0.9023997783660889	-0.9989243745803833	-0.0418437160551548	-0.019980553537607193
1.4171397686004639	0.5768707394599915	0.7070737481117249	0.4603510797023773	0.3506547212600708	0	0	0	0	0	0	1.0	0.0	0.0	0.0	-1.0	-1.9430287920840783e-06	0.0	1.9430287920840783e-06	-1.0
1.4171397686004639	0.20346224308013916	0.7070737481117249	0.4916107952594757	0.350654661655426	0	0	0	0	0	0	1.0	0.0	0.0	0.0	-1.0	-1.883479967546009e-06	0.0	1.883479967546009e-06	-1.0
0.0	1.8182426691055298	0.49096161127090454	0.27767544984817505	0.3701079189777374	0	0	0	0	0	0	0.0	1.0	0.0	-7.139947655332435e-08	0.0	-1.0	-1.0	0.0	7.139947655332435e-08
0.7599292993545532	1.8182426691055298	0.49096161127090454	0.27767542004585266	0.30570462346076965	0	0	0	0	0	0	0.0	1.0	0.0	-9.751610150487977e-07	0.0	-1.0	-1.0	0.0	9.751610150487977e-07
1.4171397686004639	0.9943621754646301	2.75815486907959	0.49930116534233093	0.7189120650291443	0	0	0	0	0	0	1.0	0.0	0.0	0.0	1.0	1.4503867760140565e-06	0.0	-1.4503867760140565e-06	1.0
1.4171397686004639	1.0262832641601562	1.8689601421356201	0.5019734501838684	0.6435536742210388	0	0	0	0	0	0	1.0	0.0	0.0	0.0	1.0	-1.2382472959870938e-05	0.0	1.2382472959870938e-05	1.0
1.4171397686004639	1.0262832641601562	2.7031590938568115	0.5019734501838684	0.7142512202262878	0	0	0	0	0	0	1.0	0.0	0.0	0.0	1.0	2.4761066015344113e-06	0.0	-2.4761066015344113e-06	1.0
1.4171397686004639	0.9943621754646301	0.7070737481117249	0.4254010021686554	0.35065481066703796	0	0	0	0	0	0	1.0	0.0	0.0	0.0	-1.0	-2.8657611892413115e-06	0.0	2.8657611892413115e-06	-1.0
1.4171397686004639	0.748944878578186	1.0034302473068237	0.44594597816467285	0.3255388140678406	0	0	0	0	0	0	1.0	0.0	0.0	0.0	-1.0	-2.8657611892413115e-06	0.0	2.8657611892413115e-06	-1.0
1.4171397686004639	0.748944878578186	0.7070737481117249	0.44594597816467285	0.3506547510623932	0	0	0	0	0	0	1.0	0.0	0.0	0.0	-1.0	-2.8657611892413115e-06	0.0	2.8657611892413115e-06	-1.0
0.7599292993545532	0.20346224308013916	1.557527780532837	0.15146024525165558	0.19213196635246277	0	0	0	0	0	0	0.0	-1.0	0.0	0.0	0.0	-1.0	1.0	0.0	0.0
1.4171397686004639	0.20346224308013916	1.0034302473068237	0.1978391706943512	0.24782992899417877	0	0	0	0	0	0	0.0	-1.0	0.0	0.0	0.0	-1.0	1.0	0.0	0.0
1.4171397686004639	0.9943621754646301	3.2770354747772217	0.9179520606994629	0.4557378888130188	0	0	0	0	0	0	0.0	0.0	0.0	1.0	0.0	0.0	0.0	0.0	0.0
1.4171397686004639	0.9943621754646301	1.0034302473068237	0.9179520606994629	0.2630847692489624	0	0	0	0	0	0	0.0	0.0	0.0	1.0	0.0	0.0	0.0	0.0	0.0
1.4171397686004639	0.9943621754646301	2.75815486907959	0.9179520606994629	0.41177070140838623	0	0	0	0	0	0	0.0	0.0	0.0	1.0	0.0	0.0	0.0	0.0	0.0
1.4171397686004639	0.9943621754646301	0.7070737481117249	0.4254010021686554	0.35065481066703796	0	0	0	0	0	0	1.0	0.0	0.0	0.0	-1.0	-2.637420266182744e-06	0.0	2.637420266182744e-06	-1.0
1.4171397686004639	0.748944878578186	0.7070737481117249	0.44594597816467285	0.3506547510623932	0	0	0	0	0	0	1.0	0.0	0.0	0.0	-1.0	-2.164365923817968e-06	0.0	2.164365923817968e-06	-1.0
0.0	1.8182426691055298	0.42539238929748535	0.28316348791122437	0.3701079189777374	0	0	0	0	0	0	0.0	1.0	0.0	0.0	0.0	-1.0	-1.0	0.0	0.0
0.7599292993545532	1.8182426691055298	0.42539238929748535	0.283163458108902	0.30570462346076965	0	0	0	0	0	0	0.0	1.0	0.0	0.0	0.0	-1.0	-1.0	0.0	0.0
1.4171397686004639	0.9943621754646301	0.7070737481117249	0.4993011951446533	0.5450848937034607	0	0	0	0	0	0	0.9836972951889038	0.17983193695545197	0.0	-0.17983195185661316	0.9836974143981934	-5.86229216423817e-05	-1.0542273230385035e-05	5.7667210057843477e-05	1.0
1.2628239393234253	1.8384840488433838	0.6871922612190247	0.5700427889823914	0.543404221534729	0	0	0	0	0	0	0.9836972951889038	0.17983193695545197	0.0	-0.17983193695545197	0.9836973547935486	-5.86229216423817e-05	-1.0542273230385035e-05	5.7667210057843477e-05	1.0
1.4171397686004639	0.9943621754646301	1.0034302473068237	0.4993011951446533	0.5702008008956909	0	0	0	0	0	0	0.9836972951889038	0.17983193695545197	0.0	-0.17983193695545197	0.9836973547935486	-5.8622914366424084e-05	-1.0542272320890334e-05	5.766720278188586e-05	1.0
1.4171397686004639	0.9943621754646301	1.0034302473068237	0.0	0.0	0	0	0	0	0	0	0.0	0.0	0.0	1.0	0.0	0.0	0.0	0.0	0.0
1.265362024307251	1.806235909461975	2.079249382019043	0.9736599326133728	0.15300652384757996	0	0	0	0	0	0	0.02856289967894554	-0.6224316954612732	-0.7821527719497681	0.9644613265991211	0.2227810025215149	-0.1420670598745346	0.26267582178115845	-0.750298261642456	0.6066745519638062
1.35378098487854	1.0262832641601562	2.7031590938568115	0.9684732556343079	0.2133461833000183	0	0	0	0	0	0	0.02856289967894554	-0.6224316954612732	-0.7821527719497681	0.9644613265991211	0.2227810025215149	-0.1420670449733734	0.26267582178115845	-0.750298261642456	0.6066745519638062
1.2103270292282104	1.8050528764724731	2.078181028366089	0.9691320657730103	0.15213732421398163	0	0	0	0	0	0	0.02856289967894554	-0.6224316954612732	-0.7821527719497681	0.9644613265991211	0.2227810025215149	-0.1420670598745346	0.26267582178115845	-0.750298261642456	0.6066745519638062
1.4171397686004639	0.9943621754646301	1.0034302473068237	0.4993011951446533	0.5702008008956909	0	0	0	0	0	0	0.9828991293907166	0.18402016162872314	-0.006786736194044352	-0.18402479588985443	0.9829215407371521	-6.052050230209716e-05	0.00665969168767333	0.0013084132224321365	0.9999769926071167
1.2692012786865234	1.8057260513305664	1.5778878927230835	0.5672973394393921	0.6188896894454956	0	0	0	0	0	0	0.9828991293907166	0.18402016162872314	-0.006786736194044352	-0.18402479588985443	0.9829216003417969	-6.052050230209716e-05	0.006659692618995905	0.0013084132224321365	0.9999770522117615
1.4171397686004639	1.0262832641601562	1.8689601421356201	0.5019734501838684	0.6435536742210388	0	0	0	0	0	0	0.9828991293907166	0.18402016162872314	-0.006786736194044352	-0.18402479588985443	0.9829216003417969	-6.0520604165503755e-05	0.006659692618995905	0.0013084133388474584	0.9999770522117615
1.2628239393234253	1.8384840488433838	2.080622434616089	0.5700428485870361	0.661496102809906	0	0	0	0	0	0	0.987213134765625	0.08348029106855392	-0.13579878211021423	-0.08426332473754883	0.9964435696601868	-1.812215123209171e-05	0.13531430065631866	0.011460747569799423	0.9907364845275879
1.4171397686004639	1.0262832641601562	2.7031590938568115	0.5019734501838684	0.7142512202262878	0	0	0	0	0	0	0.987213134765625	0.08348029106855392	-0.13579878211021423	-0.08426331728696823	0.996443510055542	-1.812316259020008e-05	0.13531430065631866	0.011460747569799423	0.9907364249229431
1.265362024307251	1.806235909461975	2.079249382019043	0.5673419237136841	0.6613796949386597	0	0	0	0	0	0	0.987213134765625	0.08348029106855392	-0.13579878211021423	-0.08426331728696823	0.996443510055542	-1.812215123209171e-05	0.13531430065631866	0.011460746638476849	0.9907364249229431
1.2628239393234253	1.8384840488433838	2.080622434616089	0.5700428485870361	0.661496102809906	0	0	0	0	0	0	0.9815719723701477	0.19109278917312622	0.0	-0.19109280407428741	0.9815720319747925	-5.009804590372369e-05	-9.573374882165808e-06	4.917483965982683e-05	1.0
1.2692012786865234	1.8057260513305664	1.5778878927230835	0.5672973394393921	0.6188896894454956	0	0	0	0	0	0	0.9815719723701477	0.19109278917312622	0.0	-0.19109278917312622	0.9815719723701477	-5.009804226574488e-05	-9.57337579166051e-06	4.917483965982683e-05	1.0
1.2628239393234253	1.8384840488433838	0.6871922612190247	0.5700427889823914	0.543404221534729	0	0	0	0	0	0	0.9815719723701477	0.19109278917312622	0.0	-0.19109278917312622	0.9815719723701477	-5.0098049541702494e-05	-9.573377610649914e-06	4.917484329780564e-05	1.0
1.35378098487854	1.0262832641601562	1.8689601421356201	0.29823237657546997	0.872069776058197	0	0	0	0	0	0	0.9834539890289307	0.18115802109241486	0.0	-0.114385224878788	0.620963990688324	0.7754481434822083	0.14047865569591522	-0.7626175880432129	0.6314113140106201
1.2103270292282104	1.8050528764724731	2.078181028366089	0.3527224063873291	0.8316100835800171	0	0	0	0	0	0	0.9834539890289307	0.18115802109241486	0.0	-0.11438523232936859	0.620963990688324	0.775448203086853	0.14047865569591522	-0.7626176476478577	0.6314113140106201
1.35378098487854	1.0262832641601562	2.7031590938568115	0.3527223765850067	0.9162880182266235	0	0	0	0	0	0	0.9834539890289307	0.18115802109241486	0.0	-0.114385224878788	0.620963990688324	0.7754481434822083	0.14047865569591522	-0.7626175880432129	0.6314113140106201
1.2692012786865234	1.8057260513305664	1.5778878927230835	0.9577735066413879	0.09361384063959122	0	0	0	0	0	0	0.02038905769586563	-0.9997915625572205	0.0010540938237681985	0.9997597336769104	0.02039688266813755	0.008037552237510681	-0.00805737730115652	0.0008899624226614833	0.9999672174453735
1.2103270292282104	1.8050528764724731	2.078181028366089	0.9531657099723816	0.13604404032230377	0	0	0	0	0	0	0.02038905769586563	-0.9997915625572205	0.0010540938237681985	0.9997596144676208	0.0203968808054924	0.008037551306188107	-0.008057376369833946	0.0008899623062461615	0.999967098236084
1.2134590148925781	1.8045881986618042	1.5768601894378662	0.9531064629554749	0.09356473386287689	0	0	0	0	0	0	0.02038905769586563	-0.9997915625572205	0.0010540938237681985	0.9997597336769104	0.02039688266813755	0.008037551306188107	-0.008057376369833946	0.0008899624226614833	0.9999672174453735
1.2692012786865234	1.8057260513305664	1.5778878927230835	0.9707950353622437	0.5162436962127686	0	0	0	0	0	0	0.0	0.34983888268470764	0.9368098974227905	0.9799627065658569	0.1865948736667633	-0.0696813091635704	-0.19918115437030792	0.9180387854576111	-0.34282904863357544
1.35378098487854	1.0262832641601562	1.8689601421356201	0.9655842185020447	0.4501149654388428	0	0	0	0	0	0	0.0	0.34983888268470764	0.9368098974227905	0.9799627661705017	0.1865948885679245	-0.069681316614151	-0.19918115437030792	0.9180387258529663	-0.34282904863357544
1.4171397686004639	1.0262832641601562	1.8689601421356201	0.9707950353622437	0.4491121470928192	0	0	0	0	0	0	0.0	0.34983888268470764	0.9368098974227905	0.9799627661705017	0.1865948736667633	-0.069681316614151	-0.19918113946914673	0.9180387258529663	-0.34282904863357544
1.4171397686004639	1.0262832641601562	1.8689601421356201	0.9531064629554749	0.00762741407379508	0	0	0	0	0	0	0.0	1.0	0.0	-1.0	0.0	-1.6154742752405582e-06	-1.6154742752405582e-06	0.0	1.0
1.35378098487854	1.0262832641601562	2.7031590938568115	0.9584106206893921	0.07830988615751266	0	0	0	0	0	0	0.0	1.0	0.0	-1.0	0.0	3.866402039420791e-06	3.866402039420791e-06	0.0	1.0
1.4171397686004639	1.0262832641601562	2.7031590938568115	0.9531064629554749	0.07830990850925446	0	0	0	0	0	0	0.0	1.0	0.0	-1.0	0.0	4.159215677645989e-06	4.159215677645989e-06	0.0	1.0
1.4171397686004639	1.0474975109100342	1.4648566246032715	0.7080984115600586	0.8606553673744202	0	0	0	0	0	0	0.0	0.9998036623001099	0.019816245883703232	-1.0	0.0	0.0	0.0	-0.019816245883703232	0.9998036623001099
1.3727458715438843	1.0738338232040405	0.1360912322998047	0.7118148803710938	0.74802166223526	0	0	0	0	0	0	0.0	0.9998036623001099	0.019816245883703232	-1.0	0.0	0.0	0.0	-0.019816245883703232	0.9998036623001099
1.3727458715438843	1.0474975109100342	1.4648566246032715	0.7118148803710938	0.8606553673744202	0	0	0	0	0	0	0.0	0.9998036623001099	0.019816245883703232	-1.0	0.0	0.0	0.0	-0.019816245883703232	0.9998036623001099
1.4171397686004639	0.9943621754646301	0.7070737481117249	0.6792839765548706	0.5760063529014587	0	0	0	0	0	0	1.0	0.0	0.0	0.0	0.9975212812423706	0.07036599516868591	0.0	-0.07036599516868591	0.9975212812423706
1.4171397686004639	1.0752524137496948	0.1360912322998047	0.682675302028656	0.5272536873817444	0	0	0	0	0	0	1.0	0.0	0.0	0.0	0.9975212812423706	0.07036600261926651	0.0	-0.07036600261926651	0.9975212812423706
1.4171397686004639	1.0474975109100342	1.4648566246032715	0.6881851553916931	0.639751672744751	0	0	0	0	0	0	1.0	0.0	0.0	0.0	0.9975212216377258	0.07036599516868591	0.0	-0.07036599516868591	0.9975212216377258
1.2628239393234253	1.8384840488433838	0.5092427134513855	0.7486851811408997	0.5542468428611755	0	0	0	0	0	0	0.9732468724250793	0.22976186871528625	0.0	-0.22922199964523315	0.9709600806236267	0.06851135194301605	0.015741296112537384	-0.06667845696210861	0.9976503252983093
1.2757664918899536	1.7836607694625854	0.4955098628997803	0.7440197467803955	0.553412914276123	0	0	0	0	0	0	0.9732468724250793	0.22976186871528625	0.0	-0.22922199964523315	0.9709600806236267	0.06851135194301605	0.015741296112537384	-0.06667845696210861	0.9976503252983093
1.2628239393234253	1.8384840488433838	0.4436735212802887	0.7482988834381104	0.5487037301063538	0	0	0	0	0	0	0.9732468724250793	0.22976186871528625	0.0	-0.22922198474407196	0.9709600210189819	0.06851135194301605	0.015741297975182533	-0.06667846441268921	0.9976503849029541
1.4171397686004639	0.9943621754646301	0.7070737481117249	0.8696888089179993	0.6707889437675476	0	0	0	0	0	0	-0.9840036630630493	-0.1779579222202301	0.008235149085521698	-0.03304579481482506	0.22775763273239136	0.9731569886207581	-0.17505662143230438	0.9573178887367249	-0.22999510169029236
1.2793654203414917	1.7832902669906616	1.2930424213409424	0.9324737787246704	0.7245187163352966	0	0	0	0	0	0	-0.9840036630630493	-0.1779579222202301	0.008235149085521698	-0.03304579108953476	0.22775761783123016	0.9731569290161133	-0.1750566065311432	0.9573178291320801	-0.22999508678913116
1.2628239393234253	1.8384840488433838	0.5092427134513855	0.8696305751800537	0.7441903948783875	0	0	0	0	0	0	-0.9840036630630493	-0.1779579222202301	0.008235149085521698	-0.03304578736424446	0.22775760293006897	0.9731569290161133	-0.1750566065311432	0.9573178291320801	-0.22999507188796997
1.3727458715438843	1.0474975109100342	1.4648566246032715	0.8712272644042969	0.2630847692489624	0	0	0	0	0	0	0.9838326573371887	0.17903941869735718	-0.004279025364667177	0.17892523109912872	-0.9836702346801758	-0.01945766992866993	-0.007692839950323105	0.01837746612727642	-0.999801516532898
1.2346574068069458	1.783123254776001	0.4950244128704071	0.8111972808837891	0.3464938700199127	0	0	0	0	0	0	0.9838326573371887	0.17903941869735718	-0.004279025364667177	0.17892523109912872	-0.9836702346801758	-0.01945767179131508	-0.007692840415984392	0.01837746798992157	-0.999801516532898
1.2381913661956787	1.7827651500701904	1.2925682067871094	0.8099059462547302	0.27891552448272705	0	0	0	0	0	0	0.9838326573371887	0.17903941869735718	-0.004279025364667177	0.17892523109912872	-0.9836702346801758	-0.01945766992866993	-0.007692839950323105	0.01837746612727642	-0.999801516532898
1.2757664918899536	1.7836607694625854	0.4955098628997803	0.9828689098358154	0.7218994498252869	0	0	0	0	0	0	0.014383614994585514	-0.45012617111206055	0.8928491473197937	0.977493166923523	0.19429275393486023	0.0822046622633934	-0.21047654747962952	0.8715714812278748	0.44278982281684875
1.3727458715438843	1.0738338232040405	0.1360912322998047	0.9792007803916931	0.6611676812171936	0	0	0	0	0	0	0.014383614994585514	-0.45012617111206055	0.8928491473197937	0.977493166923523	0.19429275393486023	0.082204669713974	-0.2104765623807907	0.8715714812278748	0.44278982281684875
1.4171397686004639	1.0752524137496948	0.1360912322998047	0.9828689098358154	0.6605508327484131	0	0	0	0	0	0	0.014383614994585514	-0.45012617111206055	0.8928491473197937	0.9774931073188782	0.19429272413253784	0.0822046548128128	-0.21047654747962952	0.8715714812278748	0.44278985261917114
1.2793654203414917	1.7832902669906616	1.2930424213409424	0.9771286249160767	0.008241486735641956	0	0	0	0	0	0	0.01409735344350338	-0.22567228972911835	-0.9741012454032898	0.9805710911750793	0.19374801218509674	-0.03069506213068962	0.19565720856189728	-0.9547427892684937	0.22401906549930573
1.3727458715438843	1.0474975109100342	1.4648566246032715	0.9734795689582825	0.06910087913274765	0	0	0	0	0	0	0.01409735344350338	-0.22567228972911835	-0.9741012454032898	0.9805709719657898	0.19374795258045197	-0.030695052817463875	0.1956571787595749	-0.9547427892684937	0.22401906549930573
1.2381913661956787	1.7827651500701904	1.2925682067871094	0.9737351536750793	0.00762741407379508	0	0	0	0	0	0	0.01409735344350338	-0.22567228972911835	-0.9741012454032898	0.9805710315704346	0.19374798238277435	-0.030695058405399323	0.1956571787595749	-0.9547427296638489	0.22401905059814453
1.2757664918899536	1.7836607694625854	0.4955098628997803	0.9747032523155212	0.7595012187957764	0	0	0	0	0	0	0.013080192729830742	-0.9999143481254578	-0.0005069300532341003	0.9999054074287415	0.013082234188914299	-0.00425824336707592	0.004264510236680508	-0.0004511833831202239	0.9999907612800598
1.2381913661956787	1.7827651500701904	1.2925682067871094	0.9712565541267395	0.8270260095596313	0	0	0	0	0	0	0.013080192729830742	-0.9999143481254578	-0.0005069300532341003	0.9999054074287415	0.013082234188914299	-0.00425824336707592	0.004264510236680508	-0.0004511833831202239	0.9999907612800598
1.2346574068069458	1.783123254776001	0.4950244128704071	0.9712619781494141	0.7594452500343323	0	0	0	0	0	0	0.013080192729830742	-0.9999143481254578	-0.0005069300532341003	0.9999054074287415	0.013082234188914299	-0.00425824336707592	0.004264510236680508	-0.0004511833831202239	0.9999907612800598
1.2628239393234253	1.8384840488433838	0.4436735212802887	0.2816683351993561	0.2630847990512848	0	0	0	0	0	0	-0.04021717980504036	0.9991909861564636	0.0	0.0	0.0	-1.0	-0.9991909861564636	-0.04021717980504036	0.0
0.7599292993545532	1.8182426691055298	0.49096161127090454	0.27767542004585266	0.30570462346076965	0	0	0	0	0	0	-0.04021717980504036	0.9991909861564636	0.0	0.0	0.0	-1.0	-0.9991909861564636	-0.04021717980504036	0.0
1.2628239393234253	1.8384840488433838	0.5092427134513855	0.27618032693862915	0.2630847990512848	0	0	0	0	0	0	-0.04021717980504036	0.9991909861564636	0.0	0.0	0.0	-1.0	-0.9991909861564636	-0.04021717980504036	0.0
0.0	0.20346224308013916	1.8538843393325806	0.12665466964244843	0.1277286857366562	0	0	0	0	0	0	0.0	-1.0	0.0	0.0	0.0	-1.0	1.0	0.0	0.0
