3406	1278	5
0.7599292993545532	0.9943621754646301	-1.209331750869751	0.7105066180229187	0.07849401980638504	0	0	0	0	0	0	0.0	0.0	-1.0	0.0003271290333941579	-0.9999999403953552	0.0	-0.9999999403953552	-0.0003271290333941579	0.0
1.3465336561203003	0.9679962396621704	-1.209331750869751	0.7132652997970581	0.016872530803084373	0	0	0	0	0	0	0.0	0.0	-1.0	0.00032712906249798834	-1.0	0.0	-1.0	-0.00032712906249798834	0.0
0.8305354118347168	0.9679962396621704	-1.209331750869751	0.7132652997970581	0.07107780128717422	0	0	0	0	0	0	0.0	0.0	-1.0	0.0003271290333941579	-1.0	0.0	-1.0	-0.0003271290333941579	0.0
1.4171397686004639	0.7538098692893982	4.494173526763916	0.04163391888141632	0.03659722954034805	0	0	0	0	0	0	1.0	0.0	0.0	0.0	-0.9999939203262329	-0.003482441185042262	0.0	0.003482441185042262	-0.9999939203262329
1.4171397686004639	0.9943621754646301	4.754637718200684	0.016373012214899063	0.009739326313138008	0	0	0	0	0	0	1.0	0.0	0.0	0.0	-0.9999939799308777	-0.0034824416507035494	0.0	0.0034824416507035494	-0.9999939799308777
1.4171397686004639	0.748944878578186	4.754637718200684	0.042144812643527985	0.009650913998484612	0	0	0	0	0	0	1.0	0.0	0.0	0.0	-0.9999939203262329	-0.0034824414178729057	0.0	0.0034824414178729057	-0.9999939203262329
1.4171397686004639	0.20346224308013916	4.494173526763916	0.40950560569763184	0.8798556923866272	0	0	0	0	0	0	0.0	-1.0	0.0	2.1278647182043642e-05	0.0	-1.0	1.0	0.0	2.1278647182043642e-05
0.7599292993545532	0.20346224308013916	4.754637718200684	0.3821510374546051	0.8108163475990295	0	0	0	0	0	0	0.0	-1.0	0.0	2.018575651163701e-05	0.0	-1.0	1.0	0.0	2.018575651163701e-05
0.7599292993545532	0.20346224308013916	4.494173526763916	0.40950560569763184	0.8108158111572266	0	0	0	0	0	0	0.0	-1.0	0.0	1.968047763512004e-05	0.0	-1.0	1.0	0.0	1.968047763512004e-05
0.0	0.9943621754646301	4.494173526763916	0.43499520421028137	0.191800057888031	0	0	0	0	0	0	0.0	1.0	0.0	-1.0	0.0	0.00016764113388489932	0.0001676411193329841	0.0	1.0
0.7599292993545532	0.9943621754646301	4.754637718200684	0.3551822304725647	0.21917176246643066	0	0	0	0	0	0	0.0	1.0	0.0	-1.0	0.0	0.00016793097893241793	0.00016793097893241793	0.0	1.0
0.7599292993545532	0.9943621754646301	4.494173526763916	0.3551822006702423	0.19181343913078308	0	0	0	0	0	0	0.0	1.0	0.0	-1.0	0.0	0.00016847172810230404	0.00016847172810230404	0.0	1.0
0.7599292993545532	0.9943621754646301	4.754637718200684	0.699255108833313	0.5372080206871033	0	0	0	0	0	0	0.0	0.0	1.0	-2.0745500250995974e-07	-1.0	0.0	1.0	-2.0745500250995974e-07	0.0
0.0	0.748944878578186	4.754637718200684	0.7250317335128784	0.45737743377685547	0	0	0	0	0	0	0.0	0.0	1.0	-4.569968155010429e-07	-1.0	0.0	1.0	-4.569968155010429e-07	0.0
0.7599292993545532	0.748944878578186	4.754637718200684	0.7250317335128784	0.5372080206871033	0	0	0	0	0	0	0.0	0.0	1.0	-8.598651106694888e-07	-1.0	0.0	1.0	-8.598651106694888e-07	0.0
0.0	0.9943621754646301	-0.3595532774925232	0.4950335919857025	0.15838979184627533	0	0	0	0	0	0	0.0	1.0	0.0	-3.6158692751087074e-07	0.0	-1.0	-1.0	0.0	3.6158692751087074e-07
0.7599292993545532	0.9943621754646301	0.03198564052581787	0.4539010226726532	0.0785636156797409	0	0	0	0	0	0	0.0	1.0	0.0	-3.590037351841602e-07	0.0	-1.0	-1.0	0.0	3.590037351841602e-07
0.7599292993545532	0.9943621754646301	-0.3595532774925232	0.4950201213359833	0.07856360077857971	0	0	0	0	0	0	0.0	1.0	0.0	-2.411902642052155e-07	0.0	-1.0	-1.0	0.0	2.411902642052155e-07
1.4171397686004639	0.9943621754646301	0.7070737481117249	0.0	0.0	0	0	0	0	0	0	0.0	0.0	0.0	1.0	0.0	0.0	0.0	0.0	0.0
1.4171397686004639	1.060259461402893	0.03198564052581787	0.0	0.0	0	0	0	0	0	0	0.0	0.0	0.0	1.0	0.0	0.0	0.0	0.0	0.0
0.7599292993545532	0.20346224308013916	1.8538843393325806	0.1873614639043808	0.15894316136837006	0	0	0	0	0	0	0.0	-1.0	0.0	-1.0	0.0	1.9443938072072342e-05	-1.9443938072072342e-05	0.0	-1.0
1.4171397686004639	0.20346224308013916	3.2770354747772217	0.11833302676677704	0.00945450458675623	0	0	0	0	0	0	0.0	-1.0	0.0	-1.0	0.0	1.9869305106112733e-05	-1.9869305106112733e-05	0.0	-1.0
0.7599292993545532	0.20346224308013916	3.2770354747772217	0.1873614639043808	0.009455882012844086	0	0	0	0	0	0	0.0	-1.0	0.0	-1.0	0.0	1.9707000319613144e-05	-1.9707000319613144e-05	0.0	-1.0
1.4171397686004639	1.060259461402893	-0.3595532774925232	0.009452933445572853	0.538817286491394	0	0	0	0	0	0	1.0	0.0	0.0	0.0	-0.9999939799308777	-0.0034840600565075874	0.0	0.0034840598236769438	-0.9999939203262329
1.4171397686004639	0.9210217595100403	0.03198564052581787	0.02407459355890751	0.49826309084892273	0	0	0	0	0	0	1.0	0.0	0.0	0.0	-0.9999939203262329	-0.0034822234883904457	0.0	0.0034822237212210894	-0.9999939799308777
1.4171397686004639	0.9210217595100403	-0.3595532774925232	0.024074606597423553	0.5387670993804932	0	0	0	0	0	0	1.0	0.0	0.0	0.0	-0.9999939203262329	-0.003483105916529894	0.0	0.0034831061493605375	-0.9999939799308777
1.4171397686004639	0.9943621754646301	1.0034302473068237	0.01637296937406063	0.3977952301502228	0	0	0	0	0	0	1.0	0.0	0.0	0.0	-0.9999939203262329	-0.003481642808765173	0.0	0.003481642808765173	-0.9999939203262329
1.4171397686004639	0.748944878578186	3.2770354747772217	0.04214479401707649	0.1625063270330429	0	0	0	0	0	0	1.0	0.0	0.0	0.0	-0.9999939203262329	-0.003481208113953471	0.0	0.003481208113953471	-0.9999939203262329
1.4171397686004639	0.748944878578186	1.0034302473068237	0.042144790291786194	0.3977068364620209	0	0	0	0	0	0	1.0	0.0	0.0	0.0	-0.9999939799308777	-0.003481133608147502	0.0	0.003481133608147502	-0.9999939799308777
1.2628239393234253	1.8384840488433838	0.4436735212802887	0.7847885489463806	0.6642611622810364	0	0	0	0	0	0	0.9772841334342957	0.20976930856704712	-0.030210301280021667	-0.20857280492782593	0.9772500395774841	0.03846897557377815	0.03759262338280678	-0.031294070184230804	0.9988030195236206
1.4171397686004639	1.0752524137496948	0.1360912322998047	0.7020560503005981	0.6357799172401428	0	0	0	0	0	0	0.9772841334342957	0.20976930856704712	-0.030210301280021667	-0.20857279002666473	0.9772499799728394	0.03846897557377815	0.037592627108097076	-0.0312940739095211	0.9988030791282654
1.4171397686004639	1.060259461402893	0.03198564052581787	0.6997110247612	0.6251570582389832	0	0	0	0	0	0	0.9772841334342957	0.20976930856704712	-0.030210301280021667	-0.20857280492782593	0.9772500395774841	0.038468971848487854	0.03759262338280678	-0.031294066458940506	0.9988030195236206
0.7599292993545532	0.9943621754646301	0.03198564052581787	0.0	0.0	0	0	0	0	0	0	0.0	0.0	0.0	1.0	0.0	0.0	0.0	0.0	0.0
0.0	0.9943621754646301	0.03198564052581787	0.0	0.0	0	0	0	0	0	0	0.0	0.0	0.0	1.0	0.0	0.0	0.0	0.0	0.0
1.4171397686004639	0.9943621754646301	3.2770354747772217	0.286157488822937	0.06398109346628189	0	0	0	0	0	0	0.0	1.0	0.0	-1.0	0.0	0.00016829125524964184	0.00016829125524964184	0.0	1.0
0.7599292993545532	0.9943621754646301	2.75815486907959	0.3551822006702423	0.009468029253184795	0	0	0	0	0	0	0.0	1.0	0.0	-1.0	0.0	0.00016887448146007955	0.00016887448146007955	0.0	1.0
0.7599292993545532	0.9943621754646301	3.2770354747772217	0.3551822006702423	0.06396947801113129	0	0	0	0	0	0	0.0	1.0	0.0	-1.0	0.0	0.00016874942230060697	0.00016874940774869174	0.0	1.0
0.0	1.8182426691055298	0.6689111590385437	0.11833301931619644	0.44658103585243225	0	0	0	0	0	0	0.0	1.0	0.0	1.0	0.0	-0.0001683940354268998	-0.0001683940354268998	0.0	-1.0
0.7599292993545532	1.8182426691055298	2.0623412132263184	0.19814597070217133	0.30020639300346375	0	0	0	0	0	0	0.0	1.0	0.0	1.0	0.0	-0.00016840011812746525	-0.00016840011812746525	0.0	-1.0
0.7599292993545532	1.8182426691055298	0.6689111590385437	0.19814595580101013	0.4465675950050354	0	0	0	0	0	0	0.0	1.0	0.0	1.0	0.0	-0.00016838904411997646	-0.00016838904411997646	0.0	-1.0
0.7599292993545532	0.9943621754646301	2.75815486907959	0.6031945943832397	0.07849450409412384	0	0	0	0	0	0	0.0	0.6452308297157288	0.7639877200126648	-1.0576345630397554e-06	0.7639877796173096	-0.6452308297157288	-1.0	-8.080197062554362e-07	6.824183742537571e-07
1.2455037832260132	1.0941460132598877	2.673881769180298	0.6136357188224792	0.02748486027121544	0	0	0	0	0	0	0.0	0.6452308297157288	0.7639877200126648	-1.0576345630397554e-06	0.7639877200126648	-0.6452308297157288	-1.0	-8.080198199422739e-07	6.824184310971759e-07
0.6678909659385681	1.0941460132598877	2.673881769180298	0.613646388053894	0.08816312253475189	0	0	0	0	0	0	0.0	0.6452308297157288	0.7639877200126648	-1.0576345630397554e-06	0.7639877796173096	-0.6452308297157288	-1.0	-8.080197062554362e-07	6.824183742537571e-07
1.4171397686004639	1.060259461402893	0.03198564052581787	0.4638390839099884	0.6361005306243896	0	0	0	0	0	0	-0.017426464706659317	0.4648365378379822	-0.8852249979972839	-0.014462532475590706	0.8851495981216431	0.4650816023349762	0.9997435808181763	0.02090732753276825	-0.008702315390110016
1.1993458271026611	1.7869012355804443	0.4178367257118225	0.5437912344932556	0.6144710183143616	0	0	0	0	0	0	-0.017426464706659317	0.4648365378379822	-0.8852249979972839	-0.014462534338235855	0.8851496577262878	0.4650816321372986	0.9997435212135315	0.0209073256701231	-0.008702315390110016
1.2628239393234253	1.8384840488433838	0.4436735212802887	0.5493097305297852	0.6212271451950073	0	0	0	0	0	0	-0.017426464706659317	0.4648365378379822	-0.8852249979972839	-0.014462532475590706	0.8851496577262878	0.4650816321372986	0.9997435212135315	0.02090732380747795	-0.008702315390110016
1.4171397686004639	0.5768707394599915	1.0034302473068237	0.060214657336473465	0.39764487743377686	0	0	0	0	0	0	1.0	0.0	0.0	0.0	-0.9999939203262329	-0.003481400664895773	0.0	0.003481400664895773	-0.9999939203262329
1.4171397686004639	0.20346224308013916	3.2770354747772217	0.09942711889743805	0.16230985522270203	0	0	0	0	0	0	1.0	0.0	0.0	0.0	-0.9999939799308777	-0.0034821834415197372	0.0	0.0034821834415197372	-0.9999939799308777
1.4171397686004639	0.20346224308013916	1.0034302473068237	0.09942710399627686	0.3975103795528412	0	0	0	0	0	0	1.0	0.0	0.0	0.0	-0.9999939203262329	-0.00348181976005435	0.0	0.00348181976005435	-0.9999939203262329
0.7599292993545532	0.5768707394599915	4.754637718200684	0.7431049942970276	0.5372080206871033	0	0	0	0	0	0	0.0	0.0	1.0	-1.3320430980456877e-06	-1.0	0.0	1.0	-1.33204298435885e-06	0.0
0.0	0.20346224308013916	4.754637718200684	0.7823248505592346	0.45737746357917786	0	0	0	0	0	0	0.0	0.0	1.0	-1.0622447916830424e-06	-1.0	0.0	1.0	-1.0622446779962047e-06	0.0
0.7599292993545532	0.20346224308013916	4.754637718200684	0.7823247909545898	0.537208080291748	0	0	0	0	0	0	0.0	0.0	1.0	-1.5194962088571629e-06	-1.0	0.0	1.0	-1.5194963225440006e-06	0.0
1.4171397686004639	0.20346224308013916	4.494173526763916	0.09942714124917984	0.03639901801943779	0	0	0	0	0	0	1.0	0.0	0.0	0.0	-0.9999939203262329	-0.003481847932562232	0.0	0.0034818481653928757	-0.9999939799308777
1.4171397686004639	0.5768707394599915	4.754637718200684	0.060214702039957047	0.009589000605046749	0	0	0	0	0	0	1.0	0.0	0.0	0.0	-0.9999939203262329	-0.0034818483982235193	0.0	0.003481848631054163	-0.9999939799308777
1.4171397686004639	0.20346224308013916	4.754637718200684	0.09942714869976044	0.00945450458675623	0	0	0	0	0	0	1.0	0.0	0.0	0.0	-0.9999939203262329	-0.0034818476997315884	0.0	0.003481847932562232	-0.9999939799308777
0.7599292993545532	0.5768707394599915	-1.209331750869751	0.7541894316673279	0.07850822061300278	0	0	0	0	0	0	0.0	0.0	-1.0	0.0003232750459574163	-1.0	0.0	-1.0	-0.0003232750459574163	0.0
1.4171397686004639	0.20346224308013916	-1.209331750869751	0.7932597398757935	0.009481378830969334	0	0	0	0	0	0	0.0	0.0	-1.0	0.0003232750459574163	-1.0	0.0	-1.0	-0.0003232750459574163	0.0
0.7599292993545532	0.20346224308013916	-1.209331750869751	0.7932597398757935	0.07852090150117874	0	0	0	0	0	0	0.0	0.0	-1.0	0.0003232750459574163	-1.0	0.0	-1.0	-0.0003232750459574163	0.0
0.0	0.9943621754646301	4.112699031829834	0.4349951446056366	0.15173125267028809	0	0	0	0	0	0	0.0	1.0	0.0	-1.0	0.0	0.00016801062156446278	0.00016801062156446278	0.0	1.0
0.7599292993545532	0.9943621754646301	4.112699031829834	0.3551822006702423	0.15174467861652374	0	0	0	0	0	0	0.0	1.0	0.0	-1.0	0.0	0.00016874578432179987	0.00016874578432179987	0.0	1.0
1.4171397686004639	0.9210217595100403	4.112699031829834	0.024074632674455643	0.07612033933401108	0	0	0	0	0	0	1.0	0.0	0.0	0.0	-0.9999939203262329	-0.003481566673144698	0.0	0.003481566673144698	-0.9999939203262329
1.4171397686004639	0.9943621754646301	4.494173526763916	0.016373001039028168	0.036683887243270874	0	0	0	0	0	0	1.0	0.0	0.0	0.0	-0.9999939799308777	-0.0034821410663425922	0.0	0.0034821410663425922	-0.9999939799308777
1.4171397686004639	0.7538098692893982	4.494173526763916	0.04163391888141632	0.03659722954034805	0	0	0	0	0	0	1.0	0.0	0.0	0.0	-0.9999939799308777	-0.0034817438572645187	0.0	0.0034817438572645187	-0.9999939799308777
1.4171397686004639	0.5768707394599915	-1.209331750869751	0.06021464988589287	0.6265512704849243	0	0	0	0	0	0	1.0	0.0	0.0	0.0	-0.9999939203262329	-0.0034818979911506176	0.0	0.0034818979911506176	-0.9999939203262329
1.4171397686004639	0.20346224308013916	-0.7510921955108643	0.09942708909511566	0.5790126919746399	0	0	0	0	0	0	1.0	0.0	0.0	0.0	-0.9999939203262329	-0.003481572261080146	0.0	0.003481572261080146	-0.9999939203262329
1.4171397686004639	0.20346224308013916	-1.209331750869751	0.09942709654569626	0.626416802406311	0	0	0	0	0	0	1.0	0.0	0.0	0.0	-0.9999939203262329	-0.003481038846075535	0.0	0.003481038846075535	-0.9999939203262329
1.4171397686004639	0.9943621754646301	-1.209331750869751	0.016372937709093094	0.6267016530036926	0	0	0	0	0	0	1.0	0.0	0.0	0.0	-0.9999939203262329	-0.003481691936030984	0.0	0.003481691936030984	-0.9999939203262329
1.4171397686004639	0.7518317699432373	-0.7510921955108643	0.04184160754084587	0.5792102217674255	0	0	0	0	0	0	1.0	0.0	0.0	0.0	-0.9999939799308777	-0.003481691936030984	0.0	0.003481691936030984	-0.9999939799308777
1.4171397686004639	0.748944878578186	-1.209331750869751	0.0421447679400444	0.6266132593154907	0	0	0	0	0	0	1.0	0.0	0.0	0.0	-0.9999939799308777	-0.003481691936030984	0.0	0.003481691936030984	-0.9999939799308777
1.4171397686004639	0.20346224308013916	-1.209331750869751	0.8121655583381653	0.009455456398427486	0	0	0	0	0	0	0.0	-1.0	0.0	-1.9776325643761083e-05	0.0	1.0	-1.0	0.0	-1.9776325643761083e-05
0.7599292993545532	0.20346224308013916	-0.7510921955108643	0.8602908849716187	0.07849442213773727	0	0	0	0	0	0	0.0	-1.0	0.0	-1.9794881154666655e-05	0.0	1.0	-1.0	0.0	-1.9794881154666655e-05
0.7599292993545532	0.20346224308013916	-1.209331750869751	0.8121656179428101	0.07849537581205368	0	0	0	0	0	0	0.0	-1.0	0.0	-1.979374064831063e-05	0.0	1.0	-1.0	0.0	-1.979374064831063e-05
0.0	0.9943621754646301	-1.209331750869751	0.5842766165733337	0.15838976204395294	0	0	0	0	0	0	0.0	1.0	0.0	-5.092043124932388e-07	0.0	-1.0	-1.0	0.0	5.092043124932388e-07
0.7599292993545532	0.9943621754646301	-0.7510921955108643	0.536139190196991	0.07856359332799911	0	0	0	0	0	0	0.0	1.0	0.0	-5.092043693366577e-07	0.0	-1.0	-1.0	0.0	5.092043693366577e-07
0.7599292993545532	0.9943621754646301	-1.209331750869751	0.5842631459236145	0.07856357097625732	0	0	0	0	0	0	0.0	1.0	0.0	-5.092043693366577e-07	0.0	-1.0	-1.0	0.0	5.092043693366577e-07
0.0	1.718458890914917	2.1466143131256104	0.7763192653656006	0.9185915589332581	0	0	0	0	0	0	0.0	-0.7639880180358887	0.6452304720878601	-0.0066031962633132935	0.6452164053916931	0.7639714479446411	-0.9999781847000122	-0.004260582849383354	-0.005044762045145035
0.6678909659385681	1.5947654247283936	2.000154495239258	0.760591983795166	0.848564624786377	0	0	0	0	0	0	0.0	-0.7639880180358887	0.6452304720878601	-0.006603195797652006	0.6452164053916931	0.7639713883399963	-0.9999781847000122	-0.004260582383722067	-0.0050447615794837475
0.6678909659385681	1.718458890914917	2.1466143131256104	0.7757901549339294	0.8484316468238831	0	0	0	0	0	0	0.0	-0.7639880180358887	0.6452304720878601	-0.0066031948663294315	0.6452164053916931	0.7639713287353516	-0.9999781847000122	-0.004260582849383354	-0.005044762045145035
1.4171397686004639	0.9943621754646301	2.75815486907959	0.6031824350357056	0.00945450458675623	0	0	0	0	0	0	-0.013258058577775955	0.6317656636238098	0.775046169757843	-4.3394038584665395e-06	0.7751142382621765	-0.6318212151527405	-0.9999121427536011	-0.008380084298551083	-0.0102737657725811
1.1621545553207397	1.7283196449279785	2.15552020072937	0.6800587773323059	0.0362403504550457	0	0	0	0	0	0	-0.013258058577775955	0.6317656636238098	0.775046169757843	-4.3394038584665395e-06	0.7751141786575317	-0.6318212151527405	-0.9999121427536011	-0.008380084298551083	-0.0102737657725811
1.2455037832260132	1.0941460132598877	2.673881769180298	0.6136357188224792	0.02748486027121544	0	0	0	0	0	0	-0.013258058577775955	0.6317656636238098	0.775046169757843	-4.33940431321389e-06	0.7751142382621765	-0.6318212151527405	-0.9999121427536011	-0.008380084298551083	-0.0102737657725811
0.0	1.8182426691055298	2.0623412132263184	0.6894914507865906	0.15832510590553284	0	0	0	0	0	0	0.0	0.6452310681343079	0.7639875411987305	1.0718606517912121e-06	0.7639874815940857	-0.6452310681343079	-1.0	8.188881679416227e-07	-6.915977905919135e-07
0.6678909659385681	1.718458890914917	2.1466143131256104	0.6790290474891663	0.08816312998533249	0	0	0	0	0	0	0.0	0.6452310681343079	0.7639875411987305	1.0718606517912121e-06	0.7639874219894409	-0.6452310681343079	-1.0	8.188881679416227e-07	-6.915977905919135e-07
0.7599292993545532	1.8182426691055298	2.0623412132263184	0.6894774436950684	0.07849451154470444	0	0	0	0	0	0	0.0	0.6452310681343079	0.7639875411987305	1.0718606517912121e-06	0.7639874815940857	-0.6452310681343079	-1.0	8.188881679416227e-07	-6.915977905919135e-07
0.6678909659385681	0.9704524874687195	2.5274219512939453	0.8041931986808777	0.6858353018760681	0	0	0	0	0	0	-0.012104587629437447	0.6451835036277771	0.7639318704605103	7.21433301986707e-10	0.7639877796173096	-0.6452307105064392	-0.9999268054962158	-0.007810250855982304	-0.00924775656312704
1.2062196731567383	1.5996460914611816	2.0045623779296875	0.8700801134109497	0.6292836666107178	0	0	0	0	0	0	-0.012104587629437447	0.6451835036277771	0.7639318704605103	7.214332464755557e-10	0.7639877796173096	-0.6452307105064392	-0.9999268054962158	-0.007810250855982304	-0.00924775656312704
0.6678909659385681	1.5947654247283936	2.000154495239258	0.8695757985115051	0.6858353018760681	0	0	0	0	0	0	-0.012104587629437447	0.6451835036277771	0.7639318704605103	3.6068850683967923e-10	0.7639877796173096	-0.645230770111084	-0.9999268054962158	-0.007810251787304878	-0.00924775656312704
1.2455037832260132	1.0941460132598877	2.673881769180298	0.9708036184310913	0.7071954011917114	0	0	0	0	0	0	-0.9988490343093872	-0.03664522245526314	0.030948948115110397	-0.0021867910400032997	-0.6097691059112549	-0.7925761342048645	0.04791583865880966	-0.7917315363883972	0.6089871525764465
1.2062196731567383	1.5996460914611816	2.0045623779296875	0.9905470609664917	0.6236023306846619	0	0	0	0	0	0	-0.9988490343093872	-0.03664522245526314	0.030948948115110397	-0.002186794765293598	-0.6097690463066101	-0.7925761938095093	0.047915831208229065	-0.7917314767837524	0.608987033367157
1.2455037832260132	0.9704524874687195	2.5274219512939453	0.9905470609664917	0.7080976963043213	0	0	0	0	0	0	-0.9988490343093872	-0.03664522245526314	0.030948948115110397	-0.002186792902648449	-0.6097690463066101	-0.7925761342048645	0.04791583865880966	-0.7917315363883972	0.6089870929718018
1.2455037832260132	1.0941460132598877	2.673881769180298	0.24948950111865997	0.49106842279434204	0	0	0	0	0	0	0.0	0.7639878988265991	-0.6452305912971497	0.0069260369054973125	-0.6452150940895081	-0.7639696002006531	-0.9999760389328003	-0.004468890838325024	-0.00529140792787075
0.6678909659385681	0.9704524874687195	2.5274219512939453	0.2646627128124237	0.551882803440094	0	0	0	0	0	0	0.0	0.7639878988265991	-0.6452305912971497	0.0069260369054973125	-0.6452151536941528	-0.7639696002006531	-0.9999760389328003	-0.004468890838325024	-0.005291408393532038
0.6678909659385681	1.0941460132598877	2.673881769180298	0.24948950111865997	0.5517433285713196	0	0	0	0	0	0	0.0	0.7639878988265991	-0.6452305912971497	0.006926035974174738	-0.6452150940895081	-0.7639695405960083	-0.9999760985374451	-0.004468890838325024	-0.00529140792787075
1.3332853317260742	1.0753357410430908	0.05526414513587952	0.9512231945991516	0.8598980903625488	0	0	0	0	0	0	-0.9447466135025024	-0.27145951986312866	0.18374893069267273	-0.2862681746482849	0.41014358401298523	-0.8659288883209229	0.1597011834383011	-0.8706847429275513	-0.46519190073013306
1.2629412412643433	1.6880526542663574	0.5987801551818848	0.9313845634460449	0.7761712074279785	0	0	0	0	0	0	-0.9447466135025024	-0.27145951986312866	0.18374893069267273	-0.2862681448459625	0.41014352440834045	-0.8659288287162781	0.15970119833946228	-0.870684802532196	-0.46519190073013306
1.1993458271026611	1.7869012355804443	0.4178367257118225	0.9512231945991516	0.7749063372612	0	0	0	0	0	0	-0.9447466135025024	-0.27145951986312866	0.18374893069267273	-0.2862681448459625	0.41014352440834045	-0.8659288287162781	0.15970119833946228	-0.870684802532196	-0.46519190073013306
0.7599292993545532	1.8182426691055298	0.42539238929748535	0.5479345321655273	0.5683732628822327	0	0	0	0	0	0	0.014357110485434532	0.4200412631034851	-0.9073914289474487	-0.014952090568840504	0.9074737429618835	0.41984277963638306	0.9997851848602295	0.00753966998308897	0.01930919662117958
1.1993458271026611	1.7869012355804443	0.4178367257118225	0.5437912344932556	0.6144710183143616	0	0	0	0	0	0	0.014357110485434532	0.4200412631034851	-0.9073914289474487	-0.014952091500163078	0.9074736833572388	0.41984274983406067	0.9997851848602295	0.007539671380072832	0.01930919662117958
0.7149630784988403	1.7694923877716064	0.4021138846874237	0.5427022576332092	0.5635660886764526	0	0	0	0	0	0	0.014357110485434532	0.4200412631034851	-0.9073914289474487	-0.014952090568840504	0.9074736833572388	0.41984274983406067	0.9997851848602295	0.007539671380072832	0.01930919662117958
0.0	0.9943621754646301	0.03198564052581787	0.4595097601413727	0.4871319532394409	0	0	0	0	0	0	0.0	0.43089988827705383	-0.9023997187614441	-0.014834661968052387	0.9023004770278931	0.4308525025844574	0.9998899698257446	0.013386794365942478	0.006392254028469324
0.7149630784988403	1.0431125164031982	0.05526414513587952	0.4635295271873474	0.5623114109039307	0	0	0	0	0	0	0.0	0.43089988827705383	-0.9023997187614441	-0.014834660105407238	0.9023004770278931	0.4308525025844574	0.9998899698257446	0.013386793434619904	0.006392253562808037
0.7599292993545532	0.9943621754646301	0.03198564052581787	0.4581345319747925	0.5669502019882202	0	0	0	0	0	0	0.0	0.43089988827705383	-0.9023997187614441	-0.014834660105407238	0.9023004174232483	0.430852472782135	0.9998900294303894	0.013386795297265053	0.006392254494130611
0.0	0.9529606103897095	0.24406200647354126	0.010009811259806156	0.6456106305122375	0	0	0	0	0	0	0.0	0.4308999478816986	-0.9023997187614441	-0.005646259058266878	0.9023853540420532	0.43089309334754944	0.999984085559845	0.005095182452350855	0.0024329726584255695
0.7149630784988403	1.6793406009674072	0.5909117460250854	0.08863420784473419	0.7211924195289612	0	0	0	0	0	0	0.0	0.4308999478816986	-0.9023997187614441	-0.0056462595239281654	0.9023852944374084	0.43089303374290466	0.9999840259552002	0.005095182918012142	0.002432972891256213
0.7149630784988403	0.9529606103897095	0.24406200647354126	0.009452933445572853	0.7207149863243103	0	0	0	0	0	0	0.0	0.4308999478816986	-0.9023997187614441	-0.005646259058266878	0.9023853540420532	0.43089309334754944	0.999984085559845	0.005095182452350855	0.0024329726584255695
0.0	1.0431125164031982	0.05526414513587952	0.2590723931789398	0.9072197079658508	0	0	0	0	0	0	0.0	0.9023995399475098	0.4309002459049225	-0.004737876355648041	0.43089544773101807	-0.9023895263671875	-0.999988853931427	-0.0020415522158145905	0.004275457467883825
0.7149630784988403	0.9529606103897095	0.24406200647354126	0.23906446993350983	0.8322210907936096	0	0	0	0	0	0	0.0	0.9023995399475098	0.4309002459049225	-0.004737875424325466	0.4308953881263733	-0.902389407157898	-0.9999887347221375	-0.002041551750153303	0.004275456536561251
0.7149630784988403	1.0431125164031982	0.05526414513587952	0.2590433359146118	0.832116961479187	0	0	0	0	0	0	0.0	0.9023995399475098	0.4309002459049225	-0.0047378758899867535	0.4308954179286957	-0.9023894667625427	-0.9999887943267822	-0.002041551982983947	0.004275457002222538
1.1993458271026611	1.7869012355804443	0.4178367257118225	0.8902994990348816	0.6299959421157837	0	0	0	0	0	0	0.04636937752366066	-0.9014291763305664	-0.43043631315231323	-0.004989282228052616	-0.4311034679412842	0.9022887945175171	-0.9989119172096252	-0.03969099745154381	-0.024487480521202087
0.7149630784988403	1.6793406009674072	0.5909117460250854	0.9089469313621521	0.6807821989059448	0	0	0	0	0	0	0.04636937752366066	-0.9014291763305664	-0.43043631315231323	-0.004989282228052616	-0.431103378534317	0.9022886753082275	-0.9989118576049805	-0.03969099745154381	-0.024487478658556938
0.7149630784988403	1.7694923877716064	0.4021138846874237	0.8889860510826111	0.6808918714523315	0	0	0	0	0	0	0.04636937752366066	-0.9014291763305664	-0.43043631315231323	-0.004989283159375191	-0.431103378534317	0.9022886753082275	-0.9989118576049805	-0.03969099745154381	-0.024487478658556938
1.4171397686004639	0.5768707394599915	0.7070737481117249	0.06021464616060257	0.42830243706703186	0	0	0	0	0	0	1.0	0.0	0.0	0.0	-0.9999939799308777	-0.0034821229055523872	0.0	0.0034821229055523872	-0.9999939799308777
1.4171397686004639	0.20346224308013916	0.7070737481117249	0.09942711144685745	0.4281679391860962	0	0	0	0	0	0	1.0	0.0	0.0	0.0	-0.9999939203262329	-0.003481813007965684	0.0	0.003481813007965684	-0.9999939203262329
0.0	1.8182426691055298	0.49096161127090454	0.11833301931619644	0.4652722477912903	0	0	0	0	0	0	0.0	1.0	0.0	1.0	0.0	-0.00016838975716382265	-0.00016838975716382265	0.0	-1.0
0.7599292993545532	1.8182426691055298	0.49096161127090454	0.19814594089984894	0.46525880694389343	0	0	0	0	0	0	0.0	1.0	0.0	1.0	0.0	-0.00016838863666635007	-0.00016838863666635007	0.0	-1.0
1.4171397686004639	0.9943621754646301	2.75815486907959	0.5470970869064331	0.23809239268302917	0	0	0	0	0	0	1.0	0.0	0.0	0.0	-0.9999939799308777	-0.003492852672934532	0.0	0.003492852672934532	-0.9999939799308777
1.4171397686004639	1.0262832641601562	1.8689601421356201	0.5437449812889099	0.3300895690917969	0	0	0	0	0	0	1.0	0.0	0.0	0.0	-0.9999939203262329	-0.0034871939569711685	0.0	0.0034871939569711685	-0.9999939203262329
1.4171397686004639	1.0262832641601562	2.7031590938568115	0.5437449812889099	0.24379314482212067	0	0	0	0	0	0	1.0	0.0	0.0	0.0	-0.9999939203262329	-0.0034932722337543964	0.0	0.0034932722337543964	-0.9999939203262329
1.4171397686004639	0.9943621754646301	0.7070737481117249	0.01637296937406063	0.4284527897834778	0	0	0	0	0	0	1.0	0.0	0.0	0.0	-0.9999939203262329	-0.0034805145114660263	0.0	0.0034805145114660263	-0.9999939203262329
1.4171397686004639	0.748944878578186	1.0034302473068237	0.042144790291786194	0.3977068364620209	0	0	0	0	0	0	1.0	0.0	0.0	0.0	-0.9999939799308777	-0.0034805145114660263	0.0	0.0034805145114660263	-0.9999939799308777
1.4171397686004639	0.748944878578186	0.7070737481117249	0.0421447828412056	0.42836442589759827	0	0	0	0	0	0	1.0	0.0	0.0	0.0	-0.9999939203262329	-0.0034805145114660263	0.0	0.0034805145114660263	-0.9999939203262329
0.7599292993545532	0.20346224308013916	1.557527780532837	0.1873614639043808	0.19007231295108795	0	0	0	0	0	0	0.0	-1.0	0.0	-1.0	0.0	1.8482232917449437e-05	-1.8482232917449437e-05	0.0	-1.0
1.4171397686004639	0.20346224308013916	1.0034302473068237	0.11833301186561584	0.24827317893505096	0	0	0	0	0	0	0.0	-1.0	0.0	-1.0	0.0	1.848223473643884e-05	-1.848223473643884e-05	0.0	-1.0
0.7599292993545532	0.20346224308013916	1.8538843393325806	0.1873614639043808	0.15894316136837006	0	0	0	0	0	0	0.0	-1.0	0.0	-1.0	0.0	1.8482232917449437e-05	-1.8482232917449437e-05	0.0	-1.0
1.4171397686004639	0.9943621754646301	3.2770354747772217	0.943230926990509	0.396590918302536	0	0	0	0	0	0	0.0	0.0	0.0	1.0	0.0	0.0	0.0	0.0	0.0
1.4171397686004639	0.9943621754646301	1.0034302473068237	0.943230926990509	0.1577722430229187	0	0	0	0	0	0	0.0	0.0	0.0	1.0	0.0	0.0	0.0	0.0	0.0
1.4171397686004639	0.9943621754646301	2.75815486907959	0.943230926990509	0.34208789467811584	0	0	0	0	0	0	0.0	0.0	0.0	1.0	0.0	0.0	0.0	0.0	0.0
1.4171397686004639	0.9210217595100403	0.03198564052581787	0.02407459355890751	0.49826309084892273	0	0	0	0	0	0	1.0	0.0	0.0	0.0	-0.9999939203262329	-0.0034822234883904457	0.0	0.0034822234883904457	-0.9999939203262329
1.4171397686004639	0.9943621754646301	0.7070737481117249	0.01637296937406063	0.4284527897834778	0	0	0	0	0	0	1.0	0.0	0.0	0.0	-0.9999939799308777	-0.003480704501271248	0.0	0.003480704501271248	-0.9999939799308777
1.4171397686004639	0.748944878578186	0.7070737481117249	0.0421447828412056	0.42836442589759827	0	0	0	0	0	0	1.0	0.0	0.0	0.0	-0.9999939203262329	-0.0034815932158380747	0.0	0.0034815932158380747	-0.9999939203262329
0.0	1.8182426691055298	0.42539238929748535	0.11833301186561584	0.47215941548347473	0	0	0	0	0	0	0.0	1.0	0.0	1.0	0.0	-0.00016838636656757444	-0.00016838636656757444	0.0	-1.0
0.7599292993545532	1.8182426691055298	0.42539238929748535	0.19814594089984894	0.4721459746360779	0	0	0	0	0	0	0.0	1.0	0.0	1.0	0.0	-0.00016838866577018052	-0.00016838866577018052	0.0	-1.0
1.4171397686004639	0.9943621754646301	0.7070737481117249	0.5470970869064331	0.45027318596839905	0	0	0	0	0	0	0.9836972951889038	0.17983193695545197	0.0	0.17975978553295135	-0.983302652835846	0.02832600101828575	0.005093919578939676	-0.027864210307598114	-0.9995987415313721
1.2628239393234253	1.8384840488433838	0.6871922612190247	0.4581345319747925	0.4498143792152405	0	0	0	0	0	0	0.9836972951889038	0.17983193695545197	0.0	0.17975978553295135	-0.983302652835846	0.02832600101828575	0.005093919578939676	-0.027864210307598114	-0.9995987415313721
1.4171397686004639	0.9943621754646301	1.0034302473068237	0.5470970869064331	0.41961562633514404	0	0	0	0	0	0	0.9836972951889038	0.17983193695545197	0.0	0.17975978553295135	-0.9833027124404907	0.02832600101828575	0.005093919578939676	-0.027864210307598114	-0.9995987415313721
1.4171397686004639	0.9943621754646301	1.0034302473068237	0.0	0.0	0	0	0	0	0	0	0.0	0.0	0.0	1.0	0.0	0.0	0.0	0.0	0.0
1.265362024307251	1.806235909461975	2.079249382019043	0.9766461849212646	0.775944709777832	0	0	0	0	0	0	0.02856289967894554	-0.6224316954612732	-0.7821527719497681	0.9679614305496216	0.21250508725643158	-0.13376174867153168	0.24946898221969604	-0.7532731294631958	0.6085596680641174
1.35378098487854	1.0262832641601562	2.7031590938568115	0.9701290130615234	0.8520998954772949	0	0	0	0	0	0	0.02856289967894554	-0.6224316954612732	-0.7821527719497681	0.9679614305496216	0.21250508725643158	-0.13376174867153168	0.24946898221969604	-0.7532731294631958	0.6085596680641174
1.2103270292282104	1.8050528764724731	2.078181028366089	0.9709585309028625	0.7749063372612	0	0	0	0	0	0	0.02856289967894554	-0.6224316954612732	-0.7821527719497681	0.9679614901542664	0.21250507235527039	-0.13376173377037048	0.24946893751621246	-0.753273069858551	0.6085596084594727
1.4171397686004639	0.9943621754646301	1.0034302473068237	0.5470970869064331	0.41961562633514404	0	0	0	0	0	0	0.9828991293907166	0.18402016162872314	-0.006786736194044352	0.18414059281349182	-0.9824689626693726	0.029102705419063568	-0.001312272623181343	-0.029854733496904373	-0.999553382396698
1.2692012786865234	1.8057260513305664	1.5778878927230835	0.46158772706985474	0.3577781915664673	0	0	0	0	0	0	0.9828991293907166	0.18402016162872314	-0.006786736194044352	0.18414059281349182	-0.9824689626693726	0.029102707281708717	-0.001312272623181343	-0.029854735359549522	-0.999553382396698
1.4171397686004639	1.0262832641601562	1.8689601421356201	0.5437449812889099	0.3300895690917969	0	0	0	0	0	0	0.9828991293907166	0.18402016162872314	-0.006786736194044352	0.18414059281349182	-0.9824689626693726	0.02910270355641842	-0.0013122730888426304	-0.029854731634259224	-0.999553382396698
1.2628239393234253	1.8384840488433838	2.080622434616089	0.45813456177711487	0.305666446685791	0	0	0	0	0	0	0.987213134765625	0.08348029106855392	-0.13579878211021423	0.08585183322429657	-0.9962393641471863	0.011691590771079063	-0.13431206345558167	-0.023200664669275284	-0.9906674027442932
1.4171397686004639	1.0262832641601562	2.7031590938568115	0.5437449812889099	0.24379314482212067	0	0	0	0	0	0	0.987213134765625	0.08348029106855392	-0.13579878211021423	0.08585182577371597	-0.9962393045425415	0.011691590771079063	-0.13431207835674286	-0.023200664669275284	-0.990667462348938
1.265362024307251	1.806235909461975	2.079249382019043	0.4615262746810913	0.3058432340621948	0	0	0	0	0	0	0.987213134765625	0.08348029106855392	-0.13579878211021423	0.08585182577371597	-0.9962393641471863	0.011691590771079063	-0.13431207835674286	-0.023200666531920433	-0.9906675219535828
1.2628239393234253	1.8384840488433838	2.080622434616089	0.45813456177711487	0.305666446685791	0	0	0	0	0	0	0.9815719723701477	0.19109278917312622	0.0	0.1910049468278885	-0.9811206459999084	0.03032177872955799	0.0057942732237279415	-0.029763007536530495	-0.9995402097702026
1.2692012786865234	1.8057260513305664	1.5778878927230835	0.46158772706985474	0.3577781915664673	0	0	0	0	0	0	0.9815719723701477	0.19109278917312622	0.0	0.1910049468278885	-0.9811207056045532	0.03032178431749344	0.005794274155050516	-0.029763013124465942	-0.9995402693748474
1.2628239393234253	1.8384840488433838	0.6871922612190247	0.4581345319747925	0.4498143792152405	0	0	0	0	0	0	0.9815719723701477	0.19109278917312622	0.0	0.1910049468278885	-0.9811206459999084	0.03032178245484829	0.005794273689389229	-0.029763011261820793	-0.9995402097702026
1.35378098487854	1.0262832641601562	1.8689601421356201	0.8012307286262512	0.5396094918251038	0	0	0	0	0	0	0.9834539890289307	0.18115802109241486	0.0	-0.11090244352817535	0.6020569205284119	0.7907137870788574	0.14324413239955902	-0.777630627155304	0.6121861338615417
1.2103270292282104	1.8050528764724731	2.078181028366089	0.8699562549591064	0.48872342705726624	0	0	0	0	0	0	0.9834539890289307	0.18115802109241486	0.0	-0.11090244352817535	0.6020569801330566	0.7907136678695679	0.14324411749839783	-0.7776305079460144	0.6121861934661865
1.35378098487854	1.0262832641601562	2.7031590938568115	0.8699562549591064	0.5917852520942688	0	0	0	0	0	0	0.9834539890289307	0.18115802109241486	0.0	-0.11090245097875595	0.6020569801330566	0.7907137274742126	0.14324413239955902	-0.7776305675506592	0.6121861934661865
1.2692012786865234	1.8057260513305664	1.5778878927230835	0.4386654198169708	0.5741124749183655	0	0	0	0	0	0	0.02038905769586563	-0.9997915625572205	0.0010540938237681985	0.9997605085372925	0.020396782085299492	0.007928699254989624	-0.007948546670377254	0.0008921826956793666	0.9999679923057556
1.2103270292282104	1.8050528764724731	2.078181028366089	0.4328840970993042	0.6267097592353821	0	0	0	0	0	0	0.02038905769586563	-0.9997915625572205	0.0010540938237681985	0.9997605681419373	0.02039678394794464	0.007928699254989624	-0.007948546670377254	0.0008921826956793666	0.9999680519104004
1.2134590148925781	1.8045881986618042	1.5768601894378662	0.43280982971191406	0.5740509629249573	0	0	0	0	0	0	0.02038905769586563	-0.9997915625572205	0.0010540938237681985	0.9997605681419373	0.02039678394794464	0.00792869832366705	-0.00794854573905468	0.0008921827538870275	0.9999680519104004
1.2692012786865234	1.8057260513305664	1.5778878927230835	0.6708230376243591	0.8464334607124329	0	0	0	0	0	0	0.0	0.34983888268470764	0.9368098974227905	0.9799733757972717	0.18654552102088928	-0.06966287642717361	-0.19912847876548767	0.9180487394332886	-0.3428328037261963
1.35378098487854	1.0262832641601562	1.8689601421356201	0.66428542137146	0.7644367814064026	0	0	0	0	0	0	0.0	0.34983888268470764	0.9368098974227905	0.9799733757972717	0.18654552102088928	-0.06966287642717361	-0.19912847876548767	0.9180487394332886	-0.3428328037261963
1.4171397686004639	1.0262832641601562	1.8689601421356201	0.6708230376243591	0.763193666934967	0	0	0	0	0	0	0.0	0.34983888268470764	0.9368098974227905	0.9799734354019165	0.18654552102088928	-0.06966287642717361	-0.19912847876548767	0.9180487990379333	-0.3428328037261963
1.4171397686004639	1.0262832641601562	1.8689601421356201	0.24948951601982117	0.6409509778022766	0	0	0	0	0	0	0.0	1.0	0.0	-1.0	0.0	0.00016159546794369817	0.00016159546794369817	0.0	1.0
1.35378098487854	1.0262832641601562	2.7031590938568115	0.2561438977718353	0.7285712957382202	0	0	0	0	0	0	0.0	1.0	0.0	-1.0	0.0	0.00016871938714757562	0.00016871938714757562	0.0	1.0
1.4171397686004639	1.0262832641601562	2.7031590938568115	0.24948950111865997	0.728572428226471	0	0	0	0	0	0	0.0	1.0	0.0	-1.0	0.0	0.00016909990517888218	0.00016909990517888218	0.0	1.0
1.4171397686004639	1.0474975109100342	1.4648566246032715	0.43747395277023315	0.41552624106407166	0	0	0	0	0	0	0.0	0.9998036623001099	0.019816245883703232	1.0	-8.864477081260702e-07	4.472459841053933e-05	4.4733384129358456e-05	0.019816245883703232	-0.9998036623001099
1.3727458715438843	1.0738338232040405	0.1360912322998047	0.43280982971191406	0.5551393032073975	0	0	0	0	0	0	0.0	0.9998036623001099	0.019816245883703232	1.0	-8.864477081260702e-07	4.472459841053933e-05	4.4733384129358456e-05	0.019816245883703232	-0.9998036623001099
1.3727458715438843	1.0474975109100342	1.4648566246032715	0.4328114092350006	0.41552603244781494	0	0	0	0	0	0	0.0	0.9998036623001099	0.019816245883703232	1.0	-8.864475944392325e-07	4.472459477256052e-05	4.473338049137965e-05	0.019816245883703232	-0.9998036623001099
1.4171397686004639	0.9943621754646301	0.7070737481117249	0.6978367567062378	0.6953344941139221	0	0	0	0	0	0	1.0	0.0	0.0	0.0	0.9970672726631165	0.07653037458658218	0.0	-0.07653037458658218	0.9970672726631165
1.4171397686004639	1.0752524137496948	0.1360912322998047	0.7020560503005981	0.6357799172401428	0	0	0	0	0	0	1.0	0.0	0.0	0.0	0.9970672726631165	0.07653037458658218	0.0	-0.07653037458658218	0.9970672726631165
1.4171397686004639	1.0474975109100342	1.4648566246032715	0.7090425491333008	0.7731016874313354	0	0	0	0	0	0	1.0	0.0	0.0	0.0	0.9970673322677612	0.07653037458658218	0.0	-0.07653037458658218	0.9970673322677612
1.2628239393234253	1.8384840488433838	0.5092427134513855	0.7852767109870911	0.6710265874862671	0	0	0	0	0	0	0.9732468724250793	0.22976186871528625	0.0	-0.2296256273984909	0.972669780254364	0.03443237766623497	0.007911247201263905	-0.0335112027823925	0.9994070529937744
1.2757664918899536	1.7836607694625854	0.4955098628997803	0.7793899774551392	0.669809877872467	0	0	0	0	0	0	0.9732468724250793	0.22976186871528625	0.0	-0.2296256273984909	0.972669780254364	0.03443237766623497	0.007911247201263905	-0.0335112027823925	0.9994070529937744
1.2628239393234253	1.8384840488433838	0.4436735212802887	0.7847885489463806	0.6642611622810364	0	0	0	0	0	0	0.9732468724250793	0.22976186871528625	0.0	-0.2296256273984909	0.972669780254364	0.03443237766623497	0.007911247201263905	-0.0335112027823925	0.9994070529937744
1.4171397686004639	0.9943621754646301	0.7070737481117249	0.5683811902999878	0.7717587351799011	0	0	0	0	0	0	-0.9840036630630493	-0.1779579222202301	0.008235149085521698	-0.023831872269511223	0.17730563879013062	0.9838672280311584	-0.1765470951795578	0.9679327011108398	-0.1787104606628418
1.2793654203414917	1.7832902669906616	1.2930424213409424	0.6453796029090881	0.8419967293739319	0	0	0	0	0	0	-0.9840036630630493	-0.1779579222202301	0.008235149085521698	-0.023831872269511223	0.17730563879013062	0.9838672280311584	-0.1765470951795578	0.9679327011108398	-0.1787104606628418
1.2628239393234253	1.8384840488433838	0.5092427134513855	0.5682156085968018	0.8621888756752014	0	0	0	0	0	0	-0.9840036630630493	-0.1779579222202301	0.008235149085521698	-0.023831872269511223	0.17730563879013062	0.9838672876358032	-0.1765470951795578	0.9679326415061951	-0.1787104457616806
1.3727458715438843	1.0474975109100342	1.4648566246032715	0.3632451593875885	0.7309852838516235	0	0	0	0	0	0	0.9838326573371887	0.17903941869735718	-0.004279025364667177	0.17906908690929413	-0.9838037490844727	0.008031385950744152	-0.0027717859484255314	-0.008667780086398125	-0.9999585747718811
